date,ped,car,cyc
2024-01-01 00:00:00,140,289,0
2024-01-01 01:00:00,75,244,2
2024-01-01 02:00:00,81,179,5
2024-01-01 03:00:00,50,105,0
2024-01-01 04:00:00,29,66,3
2024-01-01 05:00:00,10,51,0
2024-01-01 06:00:00,10,44,3
2024-01-01 07:00:00,3,29,0
2024-01-01 08:00:00,8,16,2
2024-01-01 09:00:00,19,35,3
2024-01-01 10:00:00,20,39,8
2024-01-01 11:00:00,35,53,11
2024-01-01 12:00:00,47,87,6
2024-01-01 13:00:00,48,82,14
2024-01-01 14:00:00,31,53,6
2024-01-01 15:00:00,21,51,5
2024-01-01 16:00:00,17,53,1
2024-01-01 17:00:00,12,89,6
2024-01-01 18:00:00,35,80,2
2024-01-01 19:00:00,9,59,3
2024-01-01 20:00:00,14,74,1
2024-01-01 21:00:00,12,33,2
2024-01-01 22:00:00,18,44,0
2024-01-01 23:00:00,6,51,2
2024-01-02 00:00:00,1,25,0
2024-01-02 01:00:00,9,26,0
2024-01-02 02:00:00,1,7,4
2024-01-02 03:00:00,1,4,0
2024-01-02 04:00:00,2,4,1
2024-01-02 05:00:00,2,4,1
2024-01-02 06:00:00,5,18,2
2024-01-02 07:00:00,4,55,6
2024-01-02 08:00:00,22,85,24
2024-01-02 09:00:00,34,61,22
2024-01-02 10:00:00,47,68,9
2024-01-02 11:00:00,46,77,5
2024-01-02 12:00:00,154,52,10
2024-01-02 13:00:00,122,53,8
2024-01-02 14:00:00,63,53,11
2024-01-02 15:00:00,48,59,7
2024-01-02 16:00:00,52,70,13
2024-01-02 17:00:00,59,107,31
2024-01-02 18:00:00,69,100,18
2024-01-02 19:00:00,28,62,8
2024-01-02 20:00:00,36,60,11
2024-01-02 21:00:00,36,45,11
2024-01-02 22:00:00,27,71,4
2024-01-02 23:00:00,20,44,5
2024-01-03 00:00:00,17,51,1
2024-01-03 01:00:00,0,29,0
2024-01-03 02:00:00,2,20,1
2024-01-03 03:00:00,1,17,0
2024-01-03 04:00:00,0,7,1
2024-01-03 05:00:00,1,12,1
2024-01-03 06:00:00,5,33,3
2024-01-03 07:00:00,11,59,13
2024-01-03 08:00:00,26,92,35
2024-01-03 09:00:00,18,103,21
2024-01-03 10:00:00,21,77,5
2024-01-03 11:00:00,51,75,7
2024-01-03 12:00:00,122,69,12
2024-01-03 13:00:00,163,62,13
2024-01-03 14:00:00,111,91,11
2024-01-03 15:00:00,57,66,17
2024-01-03 16:00:00,70,98,25
2024-01-03 17:00:00,73,122,29
2024-01-03 18:00:00,65,69,22
2024-01-03 19:00:00,54,85,9
2024-01-03 20:00:00,43,70,11
2024-01-03 21:00:00,43,65,9
2024-01-03 22:00:00,37,81,6
2024-01-03 23:00:00,17,50,4
2024-01-04 00:00:00,14,38,3
2024-01-04 01:00:00,10,22,0
2024-01-04 02:00:00,2,8,0
2024-01-04 03:00:00,0,11,1
2024-01-04 04:00:00,1,8,0
2024-01-04 05:00:00,3,8,1
2024-01-04 06:00:00,1,27,3
2024-01-04 07:00:00,18,39,11
2024-01-04 08:00:00,40,87,35
2024-01-04 09:00:00,43,80,31
2024-01-04 10:00:00,58,40,18
2024-01-04 11:00:00,51,54,12
2024-01-04 12:00:00,138,85,27
2024-01-04 13:00:00,137,80,23
2024-01-04 14:00:00,48,61,8
2024-01-04 15:00:00,41,65,17
2024-01-04 16:00:00,45,100,15
2024-01-04 17:00:00,53,129,25
2024-01-04 18:00:00,66,119,18
2024-01-04 19:00:00,29,90,7
2024-01-04 20:00:00,21,103,9
2024-01-04 21:00:00,33,100,12
2024-01-04 22:00:00,48,100,16
2024-01-04 23:00:00,49,62,4
2024-01-05 00:00:00,13,53,1
2024-01-05 01:00:00,1,30,2
2024-01-05 02:00:00,9,22,2
2024-01-05 03:00:00,0,6,0
2024-01-05 04:00:00,1,0,1
2024-01-05 05:00:00,5,18,1
2024-01-05 06:00:00,4,21,7
2024-01-05 07:00:00,12,40,12
2024-01-05 08:00:00,30,67,32
2024-01-05 09:00:00,32,70,34
2024-01-05 10:00:00,59,62,17
2024-01-05 11:00:00,82,76,13
2024-01-05 12:00:00,142,64,14
2024-01-05 13:00:00,133,57,24
2024-01-05 14:00:00,68,90,17
2024-01-05 15:00:00,77,78,17
2024-01-05 16:00:00,62,76,27
2024-01-05 17:00:00,80,111,28
2024-01-05 18:00:00,74,158,19
2024-01-05 19:00:00,74,143,17
2024-01-05 20:00:00,71,164,11
2024-01-05 21:00:00,69,170,6
2024-01-05 22:00:00,63,201,11
2024-01-05 23:00:00,70,208,14
2024-01-06 00:00:00,58,142,3
2024-01-06 01:00:00,24,140,3
2024-01-06 02:00:00,10,66,2
2024-01-06 03:00:00,3,42,1
2024-01-06 04:00:00,4,13,0
2024-01-06 05:00:00,2,17,2
2024-01-06 06:00:00,1,4,2
2024-01-06 07:00:00,11,19,5
2024-01-06 08:00:00,9,27,8
2024-01-06 09:00:00,16,25,8
2024-01-06 10:00:00,27,45,17
2024-01-06 11:00:00,50,74,22
2024-01-06 12:00:00,106,79,28
2024-01-06 13:00:00,86,86,26
2024-01-06 14:00:00,114,89,25
2024-01-06 15:00:00,90,85,23
2024-01-06 16:00:00,114,113,15
2024-01-06 17:00:00,84,114,12
2024-01-06 18:00:00,101,170,10
2024-01-06 19:00:00,89,153,16
2024-01-06 20:00:00,81,197,7
2024-01-06 21:00:00,67,236,7
2024-01-06 22:00:00,133,241,12
2024-01-06 23:00:00,98,269,3
2024-01-07 00:00:00,107,223,8
2024-01-07 01:00:00,28,152,11
2024-01-07 02:00:00,13,109,1
2024-01-07 03:00:00,25,44,0
2024-01-07 04:00:00,4,14,0
2024-01-07 05:00:00,4,23,2
2024-01-07 06:00:00,17,12,3
2024-01-07 07:00:00,10,14,2
2024-01-07 08:00:00,20,10,5
2024-01-07 09:00:00,29,19,13
2024-01-07 10:00:00,36,49,14
2024-01-07 11:00:00,61,72,23
2024-01-07 12:00:00,72,83,17
2024-01-07 13:00:00,60,80,18
2024-01-07 14:00:00,76,97,20
2024-01-07 15:00:00,94,82,18
2024-01-07 16:00:00,79,63,24
2024-01-07 17:00:00,81,76,16
2024-01-07 18:00:00,43,79,11
2024-01-07 19:00:00,38,61,18
2024-01-07 20:00:00,38,80,12
2024-01-07 21:00:00,21,59,6
2024-01-07 22:00:00,34,53,3
2024-01-07 23:00:00,29,45,1
2024-01-08 00:00:00,12,44,0
2024-01-08 01:00:00,3,14,0
2024-01-08 02:00:00,6,12,0
2024-01-08 03:00:00,3,14,0
2024-01-08 04:00:00,1,7,0
2024-01-08 05:00:00,3,10,3
2024-01-08 06:00:00,2,24,6
2024-01-08 07:00:00,19,44,16
2024-01-08 08:00:00,70,71,66
2024-01-08 09:00:00,42,69,43
2024-01-08 10:00:00,61,46,17
2024-01-08 11:00:00,81,44,25
2024-01-08 12:00:00,203,65,15
2024-01-08 13:00:00,168,67,22
2024-01-08 14:00:00,67,77,26
2024-01-08 15:00:00,79,80,23
2024-01-08 16:00:00,75,77,21
2024-01-08 17:00:00,89,109,58
2024-01-08 18:00:00,66,73,27
2024-01-08 19:00:00,51,65,14
2024-01-08 20:00:00,45,67,10
2024-01-08 21:00:00,49,75,6
2024-01-08 22:00:00,63,50,4
2024-01-08 23:00:00,28,62,5
2024-01-09 00:00:00,14,59,3
2024-01-09 01:00:00,5,25,1
2024-01-09 02:00:00,4,11,0
2024-01-09 03:00:00,1,13,0
2024-01-09 04:00:00,0,7,0
2024-01-09 05:00:00,4,12,2
2024-01-09 06:00:00,3,24,9
2024-01-09 07:00:00,30,55,15
2024-01-09 08:00:00,86,68,64
2024-01-09 09:00:00,73,84,36
2024-01-09 10:00:00,49,60,11
2024-01-09 11:00:00,31,30,8
2024-01-09 12:00:00,202,84,23
2024-01-09 13:00:00,227,62,26
2024-01-09 14:00:00,111,66,10
2024-01-09 15:00:00,102,71,17
2024-01-09 16:00:00,88,86,24
2024-01-09 17:00:00,104,102,52
2024-01-09 18:00:00,72,117,27
2024-01-09 19:00:00,55,103,25
2024-01-09 20:00:00,44,81,9
2024-01-09 21:00:00,51,86,11
2024-01-09 22:00:00,61,78,8
2024-01-09 23:00:00,24,77,7
2024-01-10 00:00:00,9,64,1
2024-01-10 01:00:00,15,46,1
2024-01-10 02:00:00,2,20,0
2024-01-10 03:00:00,1,9,0
2024-01-10 04:00:00,2,5,0
2024-01-10 05:00:00,4,13,1
2024-01-10 06:00:00,4,16,2
2024-01-10 07:00:00,25,56,18
2024-01-10 08:00:00,101,78,61
2024-01-10 09:00:00,62,111,38
2024-01-10 10:00:00,82,70,16
2024-01-10 11:00:00,63,83,20
2024-01-10 12:00:00,220,95,18
2024-01-10 13:00:00,179,78,20
2024-01-10 14:00:00,114,76,23
2024-01-10 15:00:00,113,74,11
2024-01-10 16:00:00,98,79,20
2024-01-10 17:00:00,111,97,39
2024-01-10 18:00:00,102,126,30
2024-01-10 19:00:00,83,119,26
2024-01-10 20:00:00,58,105,11
2024-01-10 21:00:00,52,99,14
2024-01-10 22:00:00,62,86,15
2024-01-10 23:00:00,21,75,6
2024-01-11 00:00:00,13,67,3
2024-01-11 01:00:00,7,32,0
2024-01-11 02:00:00,5,15,0
2024-01-11 03:00:00,13,9,0
2024-01-11 04:00:00,2,15,0
2024-01-11 05:00:00,7,8,2
2024-01-11 06:00:00,5,19,6
2024-01-11 07:00:00,22,49,14
2024-01-11 08:00:00,67,71,53
2024-01-11 09:00:00,62,105,39
2024-01-11 10:00:00,60,83,23
2024-01-11 11:00:00,89,97,11
2024-01-11 12:00:00,220,93,37
2024-01-11 13:00:00,210,69,28
2024-01-11 14:00:00,101,68,17
2024-01-11 15:00:00,104,79,20
2024-01-11 16:00:00,99,89,24
2024-01-11 17:00:00,102,106,60
2024-01-11 18:00:00,99,158,27
2024-01-11 19:00:00,56,108,19
2024-01-11 20:00:00,46,72,8
2024-01-11 21:00:00,72,103,13
2024-01-11 22:00:00,63,122,16
2024-01-11 23:00:00,38,88,2
2024-01-12 00:00:00,19,94,0
2024-01-12 01:00:00,14,43,0
2024-01-12 02:00:00,16,29,3
2024-01-12 03:00:00,2,21,0
2024-01-12 04:00:00,6,1,0
2024-01-12 05:00:00,1,15,2
2024-01-12 06:00:00,5,20,9
2024-01-12 07:00:00,16,42,15
2024-01-12 08:00:00,55,91,54
2024-01-12 09:00:00,40,73,29
2024-01-12 10:00:00,84,61,13
2024-01-12 11:00:00,106,70,13
2024-01-12 12:00:00,169,90,21
2024-01-12 13:00:00,160,61,26
2024-01-12 14:00:00,81,71,18
2024-01-12 15:00:00,66,73,14
2024-01-12 16:00:00,99,101,43
2024-01-12 17:00:00,97,139,52
2024-01-12 18:00:00,100,135,31
2024-01-12 19:00:00,94,159,24
2024-01-12 20:00:00,111,170,23
2024-01-12 21:00:00,109,201,9
2024-01-12 22:00:00,116,235,16
2024-01-12 23:00:00,85,210,11
2024-01-13 00:00:00,87,212,6
2024-01-13 01:00:00,31,149,2
2024-01-13 02:00:00,14,81,0
2024-01-13 03:00:00,13,44,0
2024-01-13 04:00:00,5,53,0
2024-01-13 05:00:00,3,19,5
2024-01-13 06:00:00,4,18,2
2024-01-13 07:00:00,8,33,3
2024-01-13 08:00:00,10,22,6
2024-01-13 09:00:00,38,41,15
2024-01-13 10:00:00,55,56,21
2024-01-13 11:00:00,80,65,21
2024-01-13 12:00:00,130,84,17
2024-01-13 13:00:00,134,122,26
2024-01-13 14:00:00,120,102,17
2024-01-13 15:00:00,136,126,15
2024-01-13 16:00:00,134,107,30
2024-01-13 17:00:00,152,132,25
2024-01-13 18:00:00,103,231,21
2024-01-13 19:00:00,119,242,13
2024-01-13 20:00:00,121,215,10
2024-01-13 21:00:00,114,291,8
2024-01-13 22:00:00,130,278,14
2024-01-13 23:00:00,151,314,7
2024-01-14 00:00:00,131,242,5
2024-01-14 01:00:00,67,201,8
2024-01-14 02:00:00,26,128,4
2024-01-14 03:00:00,21,75,0
2024-01-14 04:00:00,4,29,1
2024-01-14 05:00:00,3,21,1
2024-01-14 06:00:00,0,14,3
2024-01-14 07:00:00,8,14,0
2024-01-14 08:00:00,7,13,6
2024-01-14 09:00:00,15,21,10
2024-01-14 10:00:00,52,34,9
2024-01-14 11:00:00,59,57,12
2024-01-14 12:00:00,72,69,21
2024-01-14 13:00:00,76,79,16
2024-01-14 14:00:00,102,94,10
2024-01-14 15:00:00,90,46,34
2024-01-14 16:00:00,73,64,16
2024-01-14 17:00:00,71,95,18
2024-01-14 18:00:00,47,73,18
2024-01-14 19:00:00,57,65,13
2024-01-14 20:00:00,49,42,5
2024-01-14 21:00:00,27,73,8
2024-01-14 22:00:00,23,55,5
2024-01-14 23:00:00,37,37,4
2024-01-15 00:00:00,3,38,2
2024-01-15 01:00:00,1,15,0
2024-01-15 02:00:00,0,4,2
2024-01-15 03:00:00,1,6,0
2024-01-15 04:00:00,1,5,0
2024-01-15 05:00:00,3,6,1
2024-01-15 06:00:00,4,20,10
2024-01-15 07:00:00,27,67,9
2024-01-15 08:00:00,68,74,58
2024-01-15 09:00:00,51,63,47
2024-01-15 10:00:00,60,47,19
2024-01-15 11:00:00,145,66,23
2024-01-15 12:00:00,242,59,20
2024-01-15 13:00:00,208,63,17
2024-01-15 14:00:00,89,71,9
2024-01-15 15:00:00,73,68,12
2024-01-15 16:00:00,82,91,36
2024-01-15 17:00:00,100,109,71
2024-01-15 18:00:00,105,103,23
2024-01-15 19:00:00,61,86,21
2024-01-15 20:00:00,49,68,11
2024-01-15 21:00:00,61,78,17
2024-01-15 22:00:00,78,73,5
2024-01-15 23:00:00,23,51,8
2024-01-16 00:00:00,21,37,2
2024-01-16 01:00:00,24,16,2
2024-01-16 02:00:00,3,11,0
2024-01-16 03:00:00,3,6,0
2024-01-16 04:00:00,0,4,0
2024-01-16 05:00:00,2,9,1
2024-01-16 06:00:00,7,22,9
2024-01-16 07:00:00,28,60,7
2024-01-16 08:00:00,70,72,69
2024-01-16 09:00:00,53,94,41
2024-01-16 10:00:00,51,86,15
2024-01-16 11:00:00,72,61,22
2024-01-16 12:00:00,181,90,17
2024-01-16 13:00:00,224,76,22
2024-01-16 14:00:00,108,60,21
2024-01-16 15:00:00,84,89,20
2024-01-16 16:00:00,86,86,30
2024-01-16 17:00:00,125,123,80
2024-01-16 18:00:00,110,132,41
2024-01-16 19:00:00,89,131,27
2024-01-16 20:00:00,42,85,21
2024-01-16 21:00:00,71,101,17
2024-01-16 22:00:00,46,130,19
2024-01-16 23:00:00,69,91,8
2024-01-17 00:00:00,47,111,5
2024-01-17 01:00:00,11,45,0
2024-01-17 02:00:00,13,25,1
2024-01-17 03:00:00,2,8,1
2024-01-17 04:00:00,0,6,0
2024-01-17 05:00:00,1,20,1
2024-01-17 06:00:00,6,10,9
2024-01-17 07:00:00,23,49,16
2024-01-17 08:00:00,75,85,58
2024-01-17 09:00:00,41,96,37
2024-01-17 10:00:00,68,85,17
2024-01-17 11:00:00,102,90,15
2024-01-17 12:00:00,217,82,22
2024-01-17 13:00:00,201,70,22
2024-01-17 14:00:00,127,64,7
2024-01-17 15:00:00,110,78,27
2024-01-17 16:00:00,91,71,29
2024-01-17 17:00:00,125,116,70
2024-01-17 18:00:00,101,100,56
2024-01-17 19:00:00,92,110,21
2024-01-17 20:00:00,80,78,8
2024-01-17 21:00:00,57,83,12
2024-01-17 22:00:00,50,80,9
2024-01-17 23:00:00,34,81,5
2024-01-18 00:00:00,17,77,2
2024-01-18 01:00:00,9,39,1
2024-01-18 02:00:00,12,22,0
2024-01-18 03:00:00,4,13,0
2024-01-18 04:00:00,3,11,0
2024-01-18 05:00:00,3,10,2
2024-01-18 06:00:00,2,14,6
2024-01-18 07:00:00,9,45,10
2024-01-18 08:00:00,93,96,49
2024-01-18 09:00:00,39,88,47
2024-01-18 10:00:00,66,67,6
2024-01-18 11:00:00,85,76,6
2024-01-18 12:00:00,187,70,17
2024-01-18 13:00:00,198,94,22
2024-01-18 14:00:00,130,84,26
2024-01-18 15:00:00,107,55,14
2024-01-18 16:00:00,97,81,25
2024-01-18 17:00:00,139,121,65
2024-01-18 18:00:00,118,134,25
2024-01-18 19:00:00,127,136,26
2024-01-18 20:00:00,66,127,18
2024-01-18 21:00:00,72,101,9
2024-01-18 22:00:00,68,169,17
2024-01-18 23:00:00,69,102,9
2024-01-19 00:00:00,58,82,5
2024-01-19 01:00:00,23,56,0
2024-01-19 02:00:00,13,64,2
2024-01-19 03:00:00,20,42,0
2024-01-19 04:00:00,2,17,0
2024-01-19 05:00:00,1,8,1
2024-01-19 06:00:00,6,19,6
2024-01-19 07:00:00,23,35,14
2024-01-19 08:00:00,51,69,45
2024-01-19 09:00:00,26,72,24
2024-01-19 10:00:00,34,89,10
2024-01-19 11:00:00,76,70,12
2024-01-19 12:00:00,162,61,18
2024-01-19 13:00:00,173,93,24
2024-01-19 14:00:00,109,76,26
2024-01-19 15:00:00,121,98,20
2024-01-19 16:00:00,118,87,27
2024-01-19 17:00:00,134,129,32
2024-01-19 18:00:00,113,141,43
2024-01-19 19:00:00,104,226,22
2024-01-19 20:00:00,117,158,14
2024-01-19 21:00:00,163,219,9
2024-01-19 22:00:00,180,304,9
2024-01-19 23:00:00,139,269,9
2024-01-20 00:00:00,94,264,3
2024-01-20 01:00:00,60,208,2
2024-01-20 02:00:00,53,115,2
2024-01-20 03:00:00,26,73,1
2024-01-20 04:00:00,6,33,0
2024-01-20 05:00:00,9,17,0
2024-01-20 06:00:00,1,13,2
2024-01-20 07:00:00,31,40,4
2024-01-20 08:00:00,18,30,6
2024-01-20 09:00:00,30,47,10
2024-01-20 10:00:00,51,62,18
2024-01-20 11:00:00,85,75,15
2024-01-20 12:00:00,129,88,26
2024-01-20 13:00:00,141,124,23
2024-01-20 14:00:00,130,107,22
2024-01-20 15:00:00,113,156,8
2024-01-20 16:00:00,145,100,5
2024-01-20 17:00:00,142,187,26
2024-01-20 18:00:00,153,174,29
2024-01-20 19:00:00,119,245,32
2024-01-20 20:00:00,128,242,13
2024-01-20 21:00:00,133,309,10
2024-01-20 22:00:00,158,311,8
2024-01-20 23:00:00,120,298,9
2024-01-21 00:00:00,102,253,3
2024-01-21 01:00:00,66,250,1
2024-01-21 02:00:00,34,133,2
2024-01-21 03:00:00,24,78,0
2024-01-21 04:00:00,14,27,5
2024-01-21 05:00:00,1,17,0
2024-01-21 06:00:00,3,10,1
2024-01-21 07:00:00,7,11,1
2024-01-21 08:00:00,10,12,2
2024-01-21 09:00:00,23,14,10
2024-01-21 10:00:00,48,35,14
2024-01-21 11:00:00,48,71,16
2024-01-21 12:00:00,78,55,9
2024-01-21 13:00:00,84,75,18
2024-01-21 14:00:00,73,84,16
2024-01-21 15:00:00,63,87,14
2024-01-21 16:00:00,82,105,18
2024-01-21 17:00:00,68,108,9
2024-01-21 18:00:00,103,69,20
2024-01-21 19:00:00,56,59,5
2024-01-21 20:00:00,40,76,9
2024-01-21 21:00:00,33,72,7
2024-01-21 22:00:00,46,67,5
2024-01-21 23:00:00,39,37,2
2024-01-22 00:00:00,20,26,0
2024-01-22 01:00:00,6,13,0
2024-01-22 02:00:00,6,10,0
2024-01-22 03:00:00,5,8,0
2024-01-22 04:00:00,2,4,0
2024-01-22 05:00:00,6,9,1
2024-01-22 06:00:00,5,18,7
2024-01-22 07:00:00,21,46,15
2024-01-22 08:00:00,98,93,54
2024-01-22 09:00:00,96,93,30
2024-01-22 10:00:00,80,60,16
2024-01-22 11:00:00,135,55,12
2024-01-22 12:00:00,253,29,19
2024-01-22 13:00:00,242,52,18
2024-01-22 14:00:00,110,70,11
2024-01-22 15:00:00,131,70,10
2024-01-22 16:00:00,131,64,40
2024-01-22 17:00:00,106,105,40
2024-01-22 18:00:00,106,75,22
2024-01-22 19:00:00,84,64,22
2024-01-22 20:00:00,60,60,30
2024-01-22 21:00:00,72,49,18
2024-01-22 22:00:00,77,48,8
2024-01-22 23:00:00,34,47,1
2024-01-23 00:00:00,21,31,1
2024-01-23 01:00:00,19,22,0
2024-01-23 02:00:00,12,12,0
2024-01-23 03:00:00,2,12,0
2024-01-23 04:00:00,7,8,1
2024-01-23 05:00:00,7,11,3
2024-01-23 06:00:00,12,20,5
2024-01-23 07:00:00,21,53,12
2024-01-23 08:00:00,90,79,58
2024-01-23 09:00:00,70,109,34
2024-01-23 10:00:00,80,94,11
2024-01-23 11:00:00,75,64,13
2024-01-23 12:00:00,186,88,11
2024-01-23 13:00:00,152,70,22
2024-01-23 14:00:00,116,62,10
2024-01-23 15:00:00,101,62,12
2024-01-23 16:00:00,118,85,28
2024-01-23 17:00:00,141,116,30
2024-01-23 18:00:00,130,99,26
2024-01-23 19:00:00,76,86,9
2024-01-23 20:00:00,89,70,5
2024-01-23 21:00:00,83,78,16
2024-01-23 22:00:00,85,89,5
2024-01-23 23:00:00,59,94,3
2024-01-24 00:00:00,36,52,2
2024-01-24 01:00:00,12,38,0
2024-01-24 02:00:00,11,14,0
2024-01-24 03:00:00,6,15,0
2024-01-24 04:00:00,5,5,0
2024-01-24 05:00:00,5,14,1
2024-01-24 06:00:00,7,18,5
2024-01-24 07:00:00,23,56,13
2024-01-24 08:00:00,94,65,56
2024-01-24 09:00:00,104,113,35
2024-01-24 10:00:00,96,90,13
2024-01-24 11:00:00,97,79,12
2024-01-24 12:00:00,278,61,29
2024-01-24 13:00:00,262,96,25
2024-01-24 14:00:00,191,79,24
2024-01-24 15:00:00,150,81,16
2024-01-24 16:00:00,127,111,39
2024-01-24 17:00:00,147,149,36
2024-01-24 18:00:00,118,117,46
2024-01-24 19:00:00,120,103,15
2024-01-24 20:00:00,122,126,15
2024-01-24 21:00:00,94,117,32
2024-01-24 22:00:00,120,129,11
2024-01-24 23:00:00,101,108,5
2024-01-25 00:00:00,41,69,6
2024-01-25 01:00:00,33,40,2
2024-01-25 02:00:00,50,48,0
2024-01-25 03:00:00,22,19,0
2024-01-25 04:00:00,1,10,0
2024-01-25 05:00:00,10,17,0
2024-01-25 06:00:00,10,19,5
2024-01-25 07:00:00,25,52,16
2024-01-25 08:00:00,152,73,62
2024-01-25 09:00:00,124,113,40
2024-01-25 10:00:00,92,107,22
2024-01-25 11:00:00,138,89,11
2024-01-25 12:00:00,332,71,25
2024-01-25 13:00:00,328,77,27
2024-01-25 14:00:00,177,90,14
2024-01-25 15:00:00,142,77,8
2024-01-25 16:00:00,143,78,29
2024-01-25 17:00:00,206,90,53
2024-01-25 18:00:00,184,154,31
2024-01-25 19:00:00,125,120,29
2024-01-25 20:00:00,118,107,12
2024-01-25 21:00:00,133,117,9
2024-01-25 22:00:00,151,152,12
2024-01-25 23:00:00,92,84,6
2024-01-26 00:00:00,49,108,0
2024-01-26 01:00:00,44,57,2
2024-01-26 02:00:00,22,73,0
2024-01-26 03:00:00,16,19,0
2024-01-26 04:00:00,1,5,0
2024-01-26 05:00:00,6,12,2
2024-01-26 06:00:00,7,32,4
2024-01-26 07:00:00,17,43,12
2024-01-26 08:00:00,87,100,35
2024-01-26 09:00:00,66,89,26
2024-01-26 10:00:00,86,90,18
2024-01-26 11:00:00,106,64,24
2024-01-26 12:00:00,211,74,20
2024-01-26 13:00:00,199,79,38
2024-01-26 14:00:00,133,81,28
2024-01-26 15:00:00,157,94,29
2024-01-26 16:00:00,143,103,35
2024-01-26 17:00:00,155,131,45
2024-01-26 18:00:00,169,169,54
2024-01-26 19:00:00,179,181,34
2024-01-26 20:00:00,166,202,10
2024-01-26 21:00:00,203,229,14
2024-01-26 22:00:00,219,224,22
2024-01-26 23:00:00,218,275,17
2024-01-27 00:00:00,164,277,5
2024-01-27 01:00:00,85,228,3
2024-01-27 02:00:00,63,119,11
2024-01-27 03:00:00,34,42,2
2024-01-27 04:00:00,14,22,2
2024-01-27 05:00:00,8,21,1
2024-01-27 06:00:00,4,16,4
2024-01-27 07:00:00,4,23,2
2024-01-27 08:00:00,33,24,4
2024-01-27 09:00:00,60,32,7
2024-01-27 10:00:00,57,78,13
2024-01-27 11:00:00,106,103,10
2024-01-27 12:00:00,142,83,35
2024-01-27 13:00:00,157,115,12
2024-01-27 14:00:00,177,120,29
2024-01-27 15:00:00,176,72,38
2024-01-27 16:00:00,206,114,10
2024-01-27 17:00:00,140,149,23
2024-01-27 18:00:00,226,209,33
2024-01-27 19:00:00,184,364,18
2024-01-27 20:00:00,193,278,22
2024-01-27 21:00:00,291,263,10
2024-01-27 22:00:00,312,327,8
2024-01-27 23:00:00,296,301,6
2024-01-28 00:00:00,223,265,10
2024-01-28 01:00:00,128,198,1
2024-01-28 02:00:00,49,145,1
2024-01-28 03:00:00,40,53,5
2024-01-28 04:00:00,9,45,0
2024-01-28 05:00:00,10,24,2
2024-01-28 06:00:00,11,9,2
2024-01-28 07:00:00,11,18,3
2024-01-28 08:00:00,12,16,6
2024-01-28 09:00:00,26,29,11
2024-01-28 10:00:00,54,63,15
2024-01-28 11:00:00,89,79,17
2024-01-28 12:00:00,95,92,22
2024-01-28 13:00:00,111,84,27
2024-01-28 14:00:00,108,77,32
2024-01-28 15:00:00,89,85,14
2024-01-28 16:00:00,92,90,22
2024-01-28 17:00:00,79,85,20
2024-01-28 18:00:00,93,75,31
2024-01-28 19:00:00,79,71,13
2024-01-28 20:00:00,65,68,16
2024-01-28 21:00:00,61,64,9
2024-01-28 22:00:00,75,76,10
2024-01-28 23:00:00,35,34,3
2024-01-29 00:00:00,24,45,0
2024-01-29 01:00:00,1,6,0
2024-01-29 02:00:00,8,12,2
2024-01-29 03:00:00,2,3,0
2024-01-29 04:00:00,2,2,0
2024-01-29 05:00:00,3,17,0
2024-01-29 06:00:00,8,13,11
2024-01-29 07:00:00,28,50,12
2024-01-29 08:00:00,111,83,58
2024-01-29 09:00:00,153,103,37
2024-01-29 10:00:00,113,55,12
2024-01-29 11:00:00,145,77,9
2024-01-29 12:00:00,228,71,22
2024-01-29 13:00:00,219,97,22
2024-01-29 14:00:00,121,66,20
2024-01-29 15:00:00,124,73,16
2024-01-29 16:00:00,121,91,43
2024-01-29 17:00:00,139,94,57
2024-01-29 18:00:00,127,133,39
2024-01-29 19:00:00,96,72,17
2024-01-29 20:00:00,83,87,10
2024-01-29 21:00:00,106,76,11
2024-01-29 22:00:00,66,97,7
2024-01-29 23:00:00,49,72,4
2024-01-30 00:00:00,32,56,10
2024-01-30 01:00:00,11,16,1
2024-01-30 02:00:00,14,12,1
2024-01-30 03:00:00,3,6,4
2024-01-30 04:00:00,2,9,0
2024-01-30 05:00:00,2,8,2
2024-01-30 06:00:00,4,23,8
2024-01-30 07:00:00,25,61,21
2024-01-30 08:00:00,109,84,71
2024-01-30 09:00:00,110,111,50
2024-01-30 10:00:00,91,70,15
2024-01-30 11:00:00,159,59,22
2024-01-30 12:00:00,197,73,17
2024-01-30 13:00:00,282,79,23
2024-01-30 14:00:00,123,93,23
2024-01-30 15:00:00,140,82,17
2024-01-30 16:00:00,117,95,39
2024-01-30 17:00:00,157,88,67
2024-01-30 18:00:00,151,117,45
2024-01-30 19:00:00,128,125,26
2024-01-30 20:00:00,105,95,15
2024-01-30 21:00:00,106,68,21
2024-01-30 22:00:00,98,120,15
2024-01-30 23:00:00,61,81,11
2024-01-31 00:00:00,31,57,6
2024-01-31 01:00:00,26,47,0
2024-01-31 02:00:00,5,22,1
2024-01-31 03:00:00,3,10,0
2024-01-31 04:00:00,1,5,0
2024-01-31 05:00:00,4,10,0
2024-01-31 06:00:00,12,22,4
2024-01-31 07:00:00,21,47,19
2024-01-31 08:00:00,109,95,62
2024-01-31 09:00:00,77,120,45
2024-01-31 10:00:00,95,90,22
2024-01-31 11:00:00,98,93,20
2024-01-31 12:00:00,308,90,26
2024-01-31 13:00:00,225,86,26
2024-01-31 14:00:00,126,91,22
2024-01-31 15:00:00,110,99,14
2024-01-31 16:00:00,124,114,52
2024-01-31 17:00:00,151,130,56
2024-01-31 18:00:00,138,142,32
2024-01-31 19:00:00,121,152,25
2024-01-31 20:00:00,113,133,13
2024-01-31 21:00:00,118,102,7
2024-01-31 22:00:00,112,131,10
2024-01-31 23:00:00,72,87,3
2024-02-01 00:00:00,22,87,7
2024-02-01 01:00:00,19,35,0
2024-02-01 02:00:00,25,45,3
2024-02-01 03:00:00,16,10,0
2024-02-01 04:00:00,3,8,2
2024-02-01 05:00:00,5,8,3
2024-02-01 06:00:00,10,23,9
2024-02-01 07:00:00,21,42,20
2024-02-01 08:00:00,110,61,64
2024-02-01 09:00:00,84,110,46
2024-02-01 10:00:00,75,83,22
2024-02-01 11:00:00,94,78,15
2024-02-01 12:00:00,265,109,27
2024-02-01 13:00:00,242,94,26
2024-02-01 14:00:00,145,66,20
2024-02-01 15:00:00,144,89,26
2024-02-01 16:00:00,111,60,45
2024-02-01 17:00:00,171,137,63
2024-02-01 18:00:00,142,148,55
2024-02-01 19:00:00,151,160,33
2024-02-01 20:00:00,125,130,14
2024-02-01 21:00:00,140,140,9
2024-02-01 22:00:00,146,122,16
2024-02-01 23:00:00,119,114,9
2024-02-02 00:00:00,56,142,1
2024-02-02 01:00:00,32,77,3
2024-02-02 02:00:00,24,43,1
2024-02-02 03:00:00,15,22,0
2024-02-02 04:00:00,3,21,0
2024-02-02 05:00:00,3,14,1
2024-02-02 06:00:00,3,16,5
2024-02-02 07:00:00,18,36,16
2024-02-02 08:00:00,88,85,45
2024-02-02 09:00:00,97,78,33
2024-02-02 10:00:00,83,78,14
2024-02-02 11:00:00,92,84,29
2024-02-02 12:00:00,178,85,22
2024-02-02 13:00:00,172,84,31
2024-02-02 14:00:00,132,82,31
2024-02-02 15:00:00,117,79,17
2024-02-02 16:00:00,144,89,37
2024-02-02 17:00:00,149,147,36
2024-02-02 18:00:00,160,216,47
2024-02-02 19:00:00,166,276,36
2024-02-02 20:00:00,193,214,22
2024-02-02 21:00:00,199,206,28
2024-02-02 22:00:00,268,265,30
2024-02-02 23:00:00,201,282,7
2024-02-03 00:00:00,245,234,9
2024-02-03 01:00:00,81,217,2
2024-02-03 02:00:00,78,123,3
2024-02-03 03:00:00,28,76,1
2024-02-03 04:00:00,6,43,1
2024-02-03 05:00:00,4,14,6
2024-02-03 06:00:00,8,20,1
2024-02-03 07:00:00,20,24,1
2024-02-03 08:00:00,24,36,10
2024-02-03 09:00:00,29,29,11
2024-02-03 10:00:00,64,58,13
2024-02-03 11:00:00,69,96,20
2024-02-03 12:00:00,119,111,26
2024-02-03 13:00:00,167,159,26
2024-02-03 14:00:00,194,160,24
2024-02-03 15:00:00,133,142,34
2024-02-03 16:00:00,150,161,15
2024-02-03 17:00:00,262,201,22
2024-02-03 18:00:00,342,247,25
2024-02-03 19:00:00,281,349,25
2024-02-03 20:00:00,251,326,22
2024-02-03 21:00:00,237,256,25
2024-02-03 22:00:00,296,291,27
2024-02-03 23:00:00,257,292,15
2024-02-04 00:00:00,172,276,9
2024-02-04 01:00:00,88,204,8
2024-02-04 02:00:00,69,109,3
2024-02-04 03:00:00,28,80,3
2024-02-04 04:00:00,6,54,0
2024-02-04 05:00:00,4,25,1
2024-02-04 06:00:00,43,10,3
2024-02-04 07:00:00,16,12,3
2024-02-04 08:00:00,11,15,5
2024-02-04 09:00:00,24,20,7
2024-02-04 10:00:00,42,54,15
2024-02-04 11:00:00,62,72,10
2024-02-04 12:00:00,83,94,11
2024-02-04 13:00:00,80,94,20
2024-02-04 14:00:00,101,76,32
2024-02-04 15:00:00,122,80,11
2024-02-04 16:00:00,95,55,19
2024-02-04 17:00:00,124,86,26
2024-02-04 18:00:00,209,89,24
2024-02-04 19:00:00,145,92,23
2024-02-04 20:00:00,137,76,15
2024-02-04 21:00:00,57,88,4
2024-02-04 22:00:00,86,51,7
2024-02-04 23:00:00,28,38,4
2024-02-05 00:00:00,33,39,4
2024-02-05 01:00:00,8,27,1
2024-02-05 02:00:00,3,14,2
2024-02-05 03:00:00,1,10,1
2024-02-05 04:00:00,0,0,0
2024-02-05 05:00:00,3,14,3
2024-02-05 06:00:00,5,24,5
2024-02-05 07:00:00,19,50,17
2024-02-05 08:00:00,94,73,55
2024-02-05 09:00:00,89,71,34
2024-02-05 10:00:00,100,70,19
2024-02-05 11:00:00,104,94,25
2024-02-05 12:00:00,216,66,23
2024-02-05 13:00:00,210,71,24
2024-02-05 14:00:00,140,64,15
2024-02-05 15:00:00,141,66,17
2024-02-05 16:00:00,119,67,36
2024-02-05 17:00:00,136,100,62
2024-02-05 18:00:00,125,95,63
2024-02-05 19:00:00,145,103,15
2024-02-05 20:00:00,124,96,13
2024-02-05 21:00:00,90,86,14
2024-02-05 22:00:00,72,89,7
2024-02-05 23:00:00,55,45,5
2024-02-06 00:00:00,44,53,7
2024-02-06 01:00:00,17,19,2
2024-02-06 02:00:00,9,11,1
2024-02-06 03:00:00,3,17,0
2024-02-06 04:00:00,1,8,0
2024-02-06 05:00:00,2,14,3
2024-02-06 06:00:00,6,30,5
2024-02-06 07:00:00,18,55,11
2024-02-06 08:00:00,98,75,62
2024-02-06 09:00:00,115,71,28
2024-02-06 10:00:00,80,67,13
2024-02-06 11:00:00,82,51,11
2024-02-06 12:00:00,249,98,18
2024-02-06 13:00:00,242,68,28
2024-02-06 14:00:00,101,91,10
2024-02-06 15:00:00,111,82,22
2024-02-06 16:00:00,165,89,37
2024-02-06 17:00:00,102,109,24
2024-02-06 18:00:00,123,174,26
2024-02-06 19:00:00,79,144,7
2024-02-06 20:00:00,64,107,9
2024-02-06 21:00:00,62,85,10
2024-02-06 22:00:00,52,138,3
2024-02-06 23:00:00,60,72,4
2024-02-07 00:00:00,19,64,1
2024-02-07 01:00:00,14,43,1
2024-02-07 02:00:00,13,12,0
2024-02-07 03:00:00,14,14,0
2024-02-07 04:00:00,1,5,0
2024-02-07 05:00:00,3,21,4
2024-02-07 06:00:00,6,20,1
2024-02-07 07:00:00,21,76,22
2024-02-07 08:00:00,83,101,58
2024-02-07 09:00:00,93,86,32
2024-02-07 10:00:00,128,73,20
2024-02-07 11:00:00,122,70,11
2024-02-07 12:00:00,203,61,23
2024-02-07 13:00:00,272,67,26
2024-02-07 14:00:00,167,75,25
2024-02-07 15:00:00,82,71,22
2024-02-07 16:00:00,109,102,34
2024-02-07 17:00:00,141,111,67
2024-02-07 18:00:00,178,140,43
2024-02-07 19:00:00,197,169,54
2024-02-07 20:00:00,192,104,28
2024-02-07 21:00:00,129,95,27
2024-02-07 22:00:00,100,138,19
2024-02-07 23:00:00,81,108,13
2024-02-08 00:00:00,54,75,3
2024-02-08 01:00:00,36,49,1
2024-02-08 02:00:00,24,28,0
2024-02-08 03:00:00,11,17,0
2024-02-08 04:00:00,2,20,0
2024-02-08 05:00:00,3,12,2
2024-02-08 06:00:00,6,16,1
2024-02-08 07:00:00,17,43,10
2024-02-08 08:00:00,75,117,40
2024-02-08 09:00:00,83,109,23
2024-02-08 10:00:00,75,119,15
2024-02-08 11:00:00,93,94,13
2024-02-08 12:00:00,194,83,13
2024-02-08 13:00:00,180,78,25
2024-02-08 14:00:00,97,90,10
2024-02-08 15:00:00,110,85,17
2024-02-08 16:00:00,103,109,35
2024-02-08 17:00:00,143,143,31
2024-02-08 18:00:00,163,169,33
2024-02-08 19:00:00,121,225,30
2024-02-08 20:00:00,96,83,5
2024-02-08 21:00:00,136,146,37
2024-02-08 22:00:00,123,164,14
2024-02-08 23:00:00,98,102,4
2024-02-09 00:00:00,43,102,5
2024-02-09 01:00:00,33,77,5
2024-02-09 02:00:00,28,49,1
2024-02-09 03:00:00,19,25,4
2024-02-09 04:00:00,1,23,0
2024-02-09 05:00:00,6,13,1
2024-02-09 06:00:00,3,19,3
2024-02-09 07:00:00,16,45,11
2024-02-09 08:00:00,111,92,39
2024-02-09 09:00:00,99,79,24
2024-02-09 10:00:00,108,67,9
2024-02-09 11:00:00,100,88,14
2024-02-09 12:00:00,201,108,17
2024-02-09 13:00:00,201,101,32
2024-02-09 14:00:00,159,114,11
2024-02-09 15:00:00,142,99,24
2024-02-09 16:00:00,134,99,33
2024-02-09 17:00:00,156,155,34
2024-02-09 18:00:00,210,171,37
2024-02-09 19:00:00,240,222,29
2024-02-09 20:00:00,197,231,9
2024-02-09 21:00:00,209,234,16
2024-02-09 22:00:00,290,249,31
2024-02-09 23:00:00,283,247,8
2024-02-10 00:00:00,150,252,6
2024-02-10 01:00:00,115,239,5
2024-02-10 02:00:00,56,114,4
2024-02-10 03:00:00,42,63,0
2024-02-10 04:00:00,28,29,1
2024-02-10 05:00:00,9,14,0
2024-02-10 06:00:00,3,15,1
2024-02-10 07:00:00,10,18,2
2024-02-10 08:00:00,18,28,5
2024-02-10 09:00:00,32,60,14
2024-02-10 10:00:00,57,82,16
2024-02-10 11:00:00,94,74,28
2024-02-10 12:00:00,126,123,15
2024-02-10 13:00:00,187,131,31
2024-02-10 14:00:00,213,161,25
2024-02-10 15:00:00,157,159,28
2024-02-10 16:00:00,267,152,27
2024-02-10 17:00:00,285,201,27
2024-02-10 18:00:00,403,286,34
2024-02-10 19:00:00,455,332,30
2024-02-10 20:00:00,373,331,18
2024-02-10 21:00:00,297,233,29
2024-02-10 22:00:00,334,290,23
2024-02-10 23:00:00,293,260,7
2024-02-11 00:00:00,220,230,6
2024-02-11 01:00:00,84,192,2
2024-02-11 02:00:00,75,120,2
2024-02-11 03:00:00,36,66,2
2024-02-11 04:00:00,19,39,1
2024-02-11 05:00:00,6,26,0
2024-02-11 06:00:00,5,27,1
2024-02-11 07:00:00,9,7,3
2024-02-11 08:00:00,14,28,11
2024-02-11 09:00:00,30,32,12
2024-02-11 10:00:00,48,55,17
2024-02-11 11:00:00,80,54,23
2024-02-11 12:00:00,76,54,13
2024-02-11 13:00:00,99,90,15
2024-02-11 14:00:00,98,72,22
2024-02-11 15:00:00,100,77,37
2024-02-11 16:00:00,112,93,13
2024-02-11 17:00:00,166,110,25
2024-02-11 18:00:00,260,156,29
2024-02-11 19:00:00,285,108,19
2024-02-11 20:00:00,162,108,33
2024-02-11 21:00:00,141,84,5
2024-02-11 22:00:00,85,93,3
2024-02-11 23:00:00,53,59,10
2024-02-12 00:00:00,18,52,2
2024-02-12 01:00:00,3,14,0
2024-02-12 02:00:00,12,11,0
2024-02-12 03:00:00,7,9,0
2024-02-12 04:00:00,2,9,0
2024-02-12 05:00:00,6,11,3
2024-02-12 06:00:00,7,20,7
2024-02-12 07:00:00,14,47,16
2024-02-12 08:00:00,84,61,53
2024-02-12 09:00:00,97,69,23
2024-02-12 10:00:00,89,48,24
2024-02-12 11:00:00,132,64,28
2024-02-12 12:00:00,219,68,35
2024-02-12 13:00:00,238,50,26
2024-02-12 14:00:00,112,57,19
2024-02-12 15:00:00,113,72,18
2024-02-12 16:00:00,124,62,32
2024-02-12 17:00:00,133,121,65
2024-02-12 18:00:00,125,108,45
2024-02-12 19:00:00,97,131,41
2024-02-12 20:00:00,86,106,20
2024-02-12 21:00:00,79,91,18
2024-02-12 22:00:00,100,86,9
2024-02-12 23:00:00,90,63,5
2024-02-13 00:00:00,31,45,0
2024-02-13 01:00:00,11,23,2
2024-02-13 02:00:00,11,9,0
2024-02-13 03:00:00,1,20,0
2024-02-13 04:00:00,1,11,0
2024-02-13 05:00:00,4,5,1
2024-02-13 06:00:00,2,27,6
2024-02-13 07:00:00,11,48,16
2024-02-13 08:00:00,106,63,54
2024-02-13 09:00:00,119,97,36
2024-02-13 10:00:00,82,90,20
2024-02-13 11:00:00,96,77,13
2024-02-13 12:00:00,233,91,19
2024-02-13 13:00:00,243,63,21
2024-02-13 14:00:00,142,79,14
2024-02-13 15:00:00,103,87,26
2024-02-13 16:00:00,136,101,28
2024-02-13 17:00:00,155,142,47
2024-02-13 18:00:00,142,149,23
2024-02-13 19:00:00,119,158,20
2024-02-13 20:00:00,101,113,8
2024-02-13 21:00:00,98,97,10
2024-02-13 22:00:00,91,90,5
2024-02-13 23:00:00,91,83,3
2024-02-14 00:00:00,60,55,0
2024-02-14 01:00:00,29,31,0
2024-02-14 02:00:00,7,27,3
2024-02-14 03:00:00,11,11,4
2024-02-14 04:00:00,6,7,0
2024-02-14 05:00:00,6,6,0
2024-02-14 06:00:00,5,12,1
2024-02-14 07:00:00,15,44,13
2024-02-14 08:00:00,76,78,57
2024-02-14 09:00:00,64,77,40
2024-02-14 10:00:00,114,86,13
2024-02-14 11:00:00,129,68,14
2024-02-14 12:00:00,324,101,17
2024-02-14 13:00:00,231,93,35
2024-02-14 14:00:00,148,103,17
2024-02-14 15:00:00,118,96,20
2024-02-14 16:00:00,127,102,26
2024-02-14 17:00:00,173,144,58
2024-02-14 18:00:00,139,164,35
2024-02-14 19:00:00,132,204,47
2024-02-14 20:00:00,121,150,26
2024-02-14 21:00:00,110,150,26
2024-02-14 22:00:00,105,148,11
2024-02-14 23:00:00,72,117,5
2024-02-15 00:00:00,46,94,2
2024-02-15 01:00:00,40,51,1
2024-02-15 02:00:00,30,17,3
2024-02-15 03:00:00,18,17,0
2024-02-15 04:00:00,5,11,0
2024-02-15 05:00:00,1,16,1
2024-02-15 06:00:00,6,23,3
2024-02-15 07:00:00,11,39,14
2024-02-15 08:00:00,91,53,59
2024-02-15 09:00:00,81,74,28
2024-02-15 10:00:00,85,49,17
2024-02-15 11:00:00,99,91,19
2024-02-15 12:00:00,194,101,28
2024-02-15 13:00:00,233,101,21
2024-02-15 14:00:00,141,132,22
2024-02-15 15:00:00,101,110,20
2024-02-15 16:00:00,85,119,37
2024-02-15 17:00:00,171,164,42
2024-02-15 18:00:00,124,197,27
2024-02-15 19:00:00,102,181,27
2024-02-15 20:00:00,82,121,10
2024-02-15 21:00:00,103,114,19
2024-02-15 22:00:00,99,146,14
2024-02-15 23:00:00,86,94,5
2024-02-16 00:00:00,48,94,9
2024-02-16 01:00:00,31,59,2
2024-02-16 02:00:00,14,50,1
2024-02-16 03:00:00,21,20,2
2024-02-16 04:00:00,5,7,0
2024-02-16 05:00:00,5,25,1
2024-02-16 06:00:00,4,17,6
2024-02-16 07:00:00,12,26,15
2024-02-16 08:00:00,82,69,40
2024-02-16 09:00:00,113,78,22
2024-02-16 10:00:00,96,51,17
2024-02-16 11:00:00,100,67,20
2024-02-16 12:00:00,227,77,27
2024-02-16 13:00:00,226,92,36
2024-02-16 14:00:00,138,89,23
2024-02-16 15:00:00,164,105,26
2024-02-16 16:00:00,137,106,29
2024-02-16 17:00:00,160,120,62
2024-02-16 18:00:00,142,189,29
2024-02-16 19:00:00,177,230,26
2024-02-16 20:00:00,137,220,6
2024-02-16 21:00:00,163,234,22
2024-02-16 22:00:00,202,240,24
2024-02-16 23:00:00,161,284,10
2024-02-17 00:00:00,155,271,3
2024-02-17 01:00:00,96,188,2
2024-02-17 02:00:00,56,105,5
2024-02-17 03:00:00,33,48,1
2024-02-17 04:00:00,11,35,1
2024-02-17 05:00:00,2,19,4
2024-02-17 06:00:00,2,15,1
2024-02-17 07:00:00,13,18,3
2024-02-17 08:00:00,26,19,7
2024-02-17 09:00:00,39,37,15
2024-02-17 10:00:00,52,76,13
2024-02-17 11:00:00,77,79,21
2024-02-17 12:00:00,124,109,18
2024-02-17 13:00:00,134,127,27
2024-02-17 14:00:00,188,137,33
2024-02-17 15:00:00,182,140,20
2024-02-17 16:00:00,127,153,38
2024-02-17 17:00:00,119,174,12
2024-02-17 18:00:00,151,265,19
2024-02-17 19:00:00,142,338,16
2024-02-17 20:00:00,101,352,21
2024-02-17 21:00:00,156,282,11
2024-02-17 22:00:00,185,310,10
2024-02-17 23:00:00,234,260,4
2024-02-18 00:00:00,187,216,5
2024-02-18 01:00:00,103,146,1
2024-02-18 02:00:00,76,136,3
2024-02-18 03:00:00,42,70,1
2024-02-18 04:00:00,8,57,1
2024-02-18 05:00:00,1,35,0
2024-02-18 06:00:00,2,12,2
2024-02-18 07:00:00,12,12,2
2024-02-18 08:00:00,8,17,8
2024-02-18 09:00:00,36,24,12
2024-02-18 10:00:00,31,55,15
2024-02-18 11:00:00,91,111,25
2024-02-18 12:00:00,91,70,21
2024-02-18 13:00:00,88,79,18
2024-02-18 14:00:00,108,85,32
2024-02-18 15:00:00,138,80,22
2024-02-18 16:00:00,98,73,24
2024-02-18 17:00:00,126,77,20
2024-02-18 18:00:00,89,92,21
2024-02-18 19:00:00,110,88,19
2024-02-18 20:00:00,68,59,14
2024-02-18 21:00:00,53,63,2
2024-02-18 22:00:00,58,87,4
2024-02-18 23:00:00,37,32,4
2024-02-19 00:00:00,29,47,1
2024-02-19 01:00:00,8,9,0
2024-02-19 02:00:00,13,7,0
2024-02-19 03:00:00,7,3,0
2024-02-19 04:00:00,1,2,1
2024-02-19 05:00:00,2,11,5
2024-02-19 06:00:00,7,21,1
2024-02-19 07:00:00,18,49,16
2024-02-19 08:00:00,77,90,57
2024-02-19 09:00:00,84,192,42
2024-02-19 10:00:00,69,132,24
2024-02-19 11:00:00,93,65,15
2024-02-19 12:00:00,201,79,18
2024-02-19 13:00:00,199,103,20
2024-02-19 14:00:00,108,82,17
2024-02-19 15:00:00,127,94,14
2024-02-19 16:00:00,123,70,29
2024-02-19 17:00:00,137,77,80
2024-02-19 18:00:00,133,81,43
2024-02-19 19:00:00,99,55,27
2024-02-19 20:00:00,76,74,13
2024-02-19 21:00:00,71,63,20
2024-02-19 22:00:00,64,63,6
2024-02-19 23:00:00,46,51,7
2024-02-20 00:00:00,34,46,1
2024-02-20 01:00:00,6,27,0
2024-02-20 02:00:00,3,10,0
2024-02-20 03:00:00,4,10,1
2024-02-20 04:00:00,3,6,1
2024-02-20 05:00:00,4,14,4
2024-02-20 06:00:00,5,25,7
2024-02-20 07:00:00,20,51,16
2024-02-20 08:00:00,95,97,78
2024-02-20 09:00:00,92,224,51
2024-02-20 10:00:00,90,146,23
2024-02-20 11:00:00,108,105,10
2024-02-20 12:00:00,203,85,39
2024-02-20 13:00:00,202,95,29
2024-02-20 14:00:00,122,104,23
2024-02-20 15:00:00,80,51,29
2024-02-20 16:00:00,136,66,42
2024-02-20 17:00:00,126,94,75
2024-02-20 18:00:00,151,86,42
2024-02-20 19:00:00,117,109,27
2024-02-20 20:00:00,94,108,19
2024-02-20 21:00:00,77,117,14
2024-02-20 22:00:00,98,103,14
2024-02-20 23:00:00,76,74,8
2024-02-21 00:00:00,58,51,1
2024-02-21 01:00:00,22,49,3
2024-02-21 02:00:00,16,16,4
2024-02-21 03:00:00,3,9,0
2024-02-21 04:00:00,1,7,1
2024-02-21 05:00:00,2,14,0
2024-02-21 06:00:00,3,30,2
2024-02-21 07:00:00,12,55,15
2024-02-21 08:00:00,67,115,49
2024-02-21 09:00:00,63,302,30
2024-02-21 10:00:00,66,205,16
2024-02-21 11:00:00,79,130,14
2024-02-21 12:00:00,198,187,17
2024-02-21 13:00:00,183,129,18
2024-02-21 14:00:00,94,116,22
2024-02-21 15:00:00,92,98,14
2024-02-21 16:00:00,91,81,31
2024-02-21 17:00:00,121,118,64
2024-02-21 18:00:00,113,120,23
2024-02-21 19:00:00,101,122,28
2024-02-21 20:00:00,80,108,21
2024-02-21 21:00:00,94,99,13
2024-02-21 22:00:00,77,88,7
2024-02-21 23:00:00,95,137,8
2024-02-22 00:00:00,54,93,2
2024-02-22 01:00:00,15,40,0
2024-02-22 02:00:00,38,41,4
2024-02-22 03:00:00,12,19,3
2024-02-22 04:00:00,6,3,0
2024-02-22 05:00:00,4,10,5
2024-02-22 06:00:00,5,24,5
2024-02-22 07:00:00,13,37,17
2024-02-22 08:00:00,68,125,54
2024-02-22 09:00:00,61,214,32
2024-02-22 10:00:00,87,201,23
2024-02-22 11:00:00,93,123,19
2024-02-22 12:00:00,152,112,19
2024-02-22 13:00:00,187,154,13
2024-02-22 14:00:00,81,130,14
2024-02-22 15:00:00,93,108,20
2024-02-22 16:00:00,98,106,30
2024-02-22 17:00:00,167,128,56
2024-02-22 18:00:00,118,118,30
2024-02-22 19:00:00,104,103,20
2024-02-22 20:00:00,87,131,12
2024-02-22 21:00:00,86,106,8
2024-02-22 22:00:00,95,160,12
2024-02-22 23:00:00,81,95,7
2024-02-23 00:00:00,40,84,6
2024-02-23 01:00:00,32,91,2
2024-02-23 02:00:00,29,48,1
2024-02-23 03:00:00,17,31,1
2024-02-23 04:00:00,3,18,1
2024-02-23 05:00:00,5,19,2
2024-02-23 06:00:00,6,17,5
2024-02-23 07:00:00,9,37,20
2024-02-23 08:00:00,62,99,43
2024-02-23 09:00:00,62,126,31
2024-02-23 10:00:00,62,123,14
2024-02-23 11:00:00,72,116,16
2024-02-23 12:00:00,166,159,26
2024-02-23 13:00:00,136,129,26
2024-02-23 14:00:00,110,107,24
2024-02-23 15:00:00,123,88,16
2024-02-23 16:00:00,147,110,29
2024-02-23 17:00:00,144,109,41
2024-02-23 18:00:00,116,158,20
2024-02-23 19:00:00,134,241,37
2024-02-23 20:00:00,140,228,11
2024-02-23 21:00:00,140,199,10
2024-02-23 22:00:00,184,253,18
2024-02-23 23:00:00,130,255,13
2024-02-24 00:00:00,105,276,11
2024-02-24 01:00:00,79,179,4
2024-02-24 02:00:00,65,138,0
2024-02-24 03:00:00,17,66,0
2024-02-24 04:00:00,10,51,0
2024-02-24 05:00:00,5,1,0
2024-02-24 06:00:00,6,13,2
2024-02-24 07:00:00,2,13,3
2024-02-24 08:00:00,23,30,8
2024-02-24 09:00:00,34,32,11
2024-02-24 10:00:00,66,62,10
2024-02-24 11:00:00,94,88,19
2024-02-24 12:00:00,156,84,17
2024-02-24 13:00:00,183,103,31
2024-02-24 14:00:00,149,142,23
2024-02-24 15:00:00,127,124,13
2024-02-24 16:00:00,205,136,25
2024-02-24 17:00:00,169,139,19
2024-02-24 18:00:00,109,250,17
2024-02-24 19:00:00,204,304,16
2024-02-24 20:00:00,150,239,8
2024-02-24 21:00:00,172,225,7
2024-02-24 22:00:00,213,281,10
2024-02-24 23:00:00,183,286,0
2024-02-25 00:00:00,199,217,10
2024-02-25 01:00:00,108,192,3
2024-02-25 02:00:00,52,116,0
2024-02-25 03:00:00,37,93,4
2024-02-25 04:00:00,26,32,0
2024-02-25 05:00:00,6,17,0
2024-02-25 06:00:00,3,28,1
2024-02-25 07:00:00,8,13,4
2024-02-25 08:00:00,14,14,17
2024-02-25 09:00:00,23,44,13
2024-02-25 10:00:00,42,44,11
2024-02-25 11:00:00,75,71,14
2024-02-25 12:00:00,81,84,16
2024-02-25 13:00:00,85,82,8
2024-02-25 14:00:00,91,82,17
2024-02-25 15:00:00,84,96,6
2024-02-25 16:00:00,76,79,13
2024-02-25 17:00:00,41,84,7
2024-02-25 18:00:00,60,96,16
2024-02-25 19:00:00,66,94,12
2024-02-25 20:00:00,45,60,6
2024-02-25 21:00:00,52,62,1
2024-02-25 22:00:00,62,58,7
2024-02-25 23:00:00,41,36,4
2024-02-26 00:00:00,14,30,3
2024-02-26 01:00:00,11,15,1
2024-02-26 02:00:00,6,4,1
2024-02-26 03:00:00,5,2,0
2024-02-26 04:00:00,2,4,0
2024-02-26 05:00:00,2,11,2
2024-02-26 06:00:00,7,24,3
2024-02-26 07:00:00,17,56,20
2024-02-26 08:00:00,83,84,68
2024-02-26 09:00:00,76,67,44
2024-02-26 10:00:00,97,43,23
2024-02-26 11:00:00,74,50,17
2024-02-26 12:00:00,171,59,17
2024-02-26 13:00:00,220,66,35
2024-02-26 14:00:00,112,70,13
2024-02-26 15:00:00,142,57,15
2024-02-26 16:00:00,106,64,24
2024-02-26 17:00:00,124,95,59
2024-02-26 18:00:00,113,80,60
2024-02-26 19:00:00,90,59,28
2024-02-26 20:00:00,70,78,9
2024-02-26 21:00:00,105,62,13
2024-02-26 22:00:00,53,74,12
2024-02-26 23:00:00,32,67,7
2024-02-27 00:00:00,16,38,3
2024-02-27 01:00:00,14,22,0
2024-02-27 02:00:00,1,9,1
2024-02-27 03:00:00,1,8,1
2024-02-27 04:00:00,1,8,0
2024-02-27 05:00:00,2,12,2
2024-02-27 06:00:00,5,19,8
2024-02-27 07:00:00,23,43,21
2024-02-27 08:00:00,58,73,77
2024-02-27 09:00:00,91,82,44
2024-02-27 10:00:00,75,63,15
2024-02-27 11:00:00,82,59,21
2024-02-27 12:00:00,201,60,20
2024-02-27 13:00:00,228,59,24
2024-02-27 14:00:00,118,67,27
2024-02-27 15:00:00,91,44,19
2024-02-27 16:00:00,112,107,36
2024-02-27 17:00:00,133,122,83
2024-02-27 18:00:00,125,104,24
2024-02-27 19:00:00,115,117,21
2024-02-27 20:00:00,71,101,17
2024-02-27 21:00:00,90,86,5
2024-02-27 22:00:00,126,95,12
2024-02-27 23:00:00,58,69,2
2024-02-28 00:00:00,72,57,2
2024-02-28 01:00:00,25,34,1
2024-02-28 02:00:00,12,12,0
2024-02-28 03:00:00,5,8,0
2024-02-28 04:00:00,3,6,1
2024-02-28 05:00:00,7,11,1
2024-02-28 06:00:00,2,21,10
2024-02-28 07:00:00,20,66,22
2024-02-28 08:00:00,91,90,72
2024-02-28 09:00:00,63,82,40
2024-02-28 10:00:00,88,97,12
2024-02-28 11:00:00,68,95,14
2024-02-28 12:00:00,231,91,25
2024-02-28 13:00:00,190,73,19
2024-02-28 14:00:00,109,62,21
2024-02-28 15:00:00,95,79,16
2024-02-28 16:00:00,117,101,37
2024-02-28 17:00:00,142,87,82
2024-02-28 18:00:00,95,110,32
2024-02-28 19:00:00,129,110,35
2024-02-28 20:00:00,75,96,6
2024-02-28 21:00:00,106,94,20
2024-02-28 22:00:00,79,127,13
2024-02-28 23:00:00,73,113,18
2024-02-29 00:00:00,24,112,3
2024-02-29 01:00:00,20,36,0
2024-02-29 02:00:00,23,25,2
2024-02-29 03:00:00,10,9,1
2024-02-29 04:00:00,1,1,0
2024-02-29 05:00:00,6,4,0
2024-02-29 06:00:00,5,29,5
2024-02-29 07:00:00,17,38,20
2024-02-29 08:00:00,77,93,61
2024-02-29 09:00:00,62,116,36
2024-02-29 10:00:00,99,87,16
2024-02-29 11:00:00,125,55,25
2024-02-29 12:00:00,254,67,19
2024-02-29 13:00:00,260,61,24
2024-02-29 14:00:00,115,67,23
2024-02-29 15:00:00,124,66,19
2024-02-29 16:00:00,93,84,35
2024-02-29 17:00:00,163,113,61
2024-02-29 18:00:00,142,138,35
2024-02-29 19:00:00,143,135,33
2024-02-29 20:00:00,113,117,21
2024-02-29 21:00:00,116,113,11
2024-02-29 22:00:00,113,114,19
2024-02-29 23:00:00,118,117,9
2024-03-01 00:00:00,70,66,5
2024-03-01 01:00:00,54,87,1
2024-03-01 02:00:00,39,34,2
2024-03-01 03:00:00,26,42,3
2024-03-01 04:00:00,3,12,1
2024-03-01 05:00:00,1,12,0
2024-03-01 06:00:00,3,18,9
2024-03-01 07:00:00,22,56,10
2024-03-01 08:00:00,64,94,35
2024-03-01 09:00:00,65,92,16
2024-03-01 10:00:00,57,87,20
2024-03-01 11:00:00,75,61,24
2024-03-01 12:00:00,161,69,17
2024-03-01 13:00:00,189,87,27
2024-03-01 14:00:00,126,84,19
2024-03-01 15:00:00,110,90,14
2024-03-01 16:00:00,121,95,21
2024-03-01 17:00:00,153,138,40
2024-03-01 18:00:00,159,183,26
2024-03-01 19:00:00,129,221,22
2024-03-01 20:00:00,116,238,22
2024-03-01 21:00:00,179,225,18
2024-03-01 22:00:00,166,242,23
2024-03-01 23:00:00,201,294,3
2024-03-02 00:00:00,91,266,6
2024-03-02 01:00:00,84,212,3
2024-03-02 02:00:00,55,101,2
2024-03-02 03:00:00,36,89,1
2024-03-02 04:00:00,12,10,0
2024-03-02 05:00:00,3,15,1
2024-03-02 06:00:00,3,5,0
2024-03-02 07:00:00,7,5,2
2024-03-02 08:00:00,25,39,4
2024-03-02 09:00:00,32,44,5
2024-03-02 10:00:00,50,57,10
2024-03-02 11:00:00,83,95,13
2024-03-02 12:00:00,90,131,11
2024-03-02 13:00:00,95,135,12
2024-03-02 14:00:00,96,148,15
2024-03-02 15:00:00,109,137,34
2024-03-02 16:00:00,198,200,16
2024-03-02 17:00:00,177,227,27
2024-03-02 18:00:00,141,204,18
2024-03-02 19:00:00,155,269,31
2024-03-02 20:00:00,138,308,24
2024-03-02 21:00:00,228,262,19
2024-03-02 22:00:00,281,332,13
2024-03-02 23:00:00,208,280,12
2024-03-03 00:00:00,146,245,7
2024-03-03 01:00:00,94,165,3
2024-03-03 02:00:00,65,105,3
2024-03-03 03:00:00,38,88,1
2024-03-03 04:00:00,8,53,1
2024-03-03 05:00:00,4,31,0
2024-03-03 06:00:00,7,18,2
2024-03-03 07:00:00,7,16,3
2024-03-03 08:00:00,17,13,6
2024-03-03 09:00:00,51,28,14
2024-03-03 10:00:00,55,45,20
2024-03-03 11:00:00,51,58,16
2024-03-03 12:00:00,115,67,17
2024-03-03 13:00:00,106,88,22
2024-03-03 14:00:00,71,74,30
2024-03-03 15:00:00,116,67,21
2024-03-03 16:00:00,100,59,17
2024-03-03 17:00:00,158,72,7
2024-03-03 18:00:00,95,95,17
2024-03-03 19:00:00,68,78,9
2024-03-03 20:00:00,75,87,6
2024-03-03 21:00:00,75,92,16
2024-03-03 22:00:00,48,70,7
2024-03-03 23:00:00,45,36,8
2024-03-04 00:00:00,16,34,1
2024-03-04 01:00:00,20,14,0
2024-03-04 02:00:00,2,13,0
2024-03-04 03:00:00,6,7,0
2024-03-04 04:00:00,0,7,0
2024-03-04 05:00:00,0,15,4
2024-03-04 06:00:00,6,16,4
2024-03-04 07:00:00,23,34,19
2024-03-04 08:00:00,67,85,57
2024-03-04 09:00:00,65,87,28
2024-03-04 10:00:00,62,63,23
2024-03-04 11:00:00,80,70,26
2024-03-04 12:00:00,164,56,19
2024-03-04 13:00:00,181,44,14
2024-03-04 14:00:00,86,70,12
2024-03-04 15:00:00,91,74,20
2024-03-04 16:00:00,119,64,34
2024-03-04 17:00:00,111,80,64
2024-03-04 18:00:00,79,105,36
2024-03-04 19:00:00,94,93,23
2024-03-04 20:00:00,65,86,10
2024-03-04 21:00:00,59,57,8
2024-03-04 22:00:00,47,79,18
2024-03-04 23:00:00,46,50,11
2024-03-05 00:00:00,34,19,0
2024-03-05 01:00:00,7,23,4
2024-03-05 02:00:00,11,9,0
2024-03-05 03:00:00,6,11,2
2024-03-05 04:00:00,1,5,0
2024-03-05 05:00:00,2,9,3
2024-03-05 06:00:00,5,25,4
2024-03-05 07:00:00,22,54,18
2024-03-05 08:00:00,68,64,63
2024-03-05 09:00:00,89,96,43
2024-03-05 10:00:00,91,81,15
2024-03-05 11:00:00,89,61,21
2024-03-05 12:00:00,225,71,23
2024-03-05 13:00:00,257,64,31
2024-03-05 14:00:00,106,50,25
2024-03-05 15:00:00,92,49,29
2024-03-05 16:00:00,131,93,49
2024-03-05 17:00:00,148,105,72
2024-03-05 18:00:00,172,110,36
2024-03-05 19:00:00,114,136,37
2024-03-05 20:00:00,98,70,16
2024-03-05 21:00:00,75,82,14
2024-03-05 22:00:00,102,103,11
2024-03-05 23:00:00,81,76,9
2024-03-06 00:00:00,52,66,2
2024-03-06 01:00:00,29,32,0
2024-03-06 02:00:00,9,15,0
2024-03-06 03:00:00,9,13,0
2024-03-06 04:00:00,3,10,0
2024-03-06 05:00:00,2,9,2
2024-03-06 06:00:00,10,19,7
2024-03-06 07:00:00,28,50,25
2024-03-06 08:00:00,117,67,66
2024-03-06 09:00:00,116,84,43
2024-03-06 10:00:00,93,70,21
2024-03-06 11:00:00,122,70,25
2024-03-06 12:00:00,293,93,47
2024-03-06 13:00:00,254,66,29
2024-03-06 14:00:00,169,61,20
2024-03-06 15:00:00,139,95,20
2024-03-06 16:00:00,164,100,43
2024-03-06 17:00:00,143,117,83
2024-03-06 18:00:00,155,112,46
2024-03-06 19:00:00,125,141,29
2024-03-06 20:00:00,117,99,15
2024-03-06 21:00:00,66,85,15
2024-03-06 22:00:00,104,145,24
2024-03-06 23:00:00,95,128,4
2024-03-07 00:00:00,49,97,0
2024-03-07 01:00:00,23,59,1
2024-03-07 02:00:00,37,31,1
2024-03-07 03:00:00,9,28,0
2024-03-07 04:00:00,7,15,0
2024-03-07 05:00:00,5,8,1
2024-03-07 06:00:00,9,14,8
2024-03-07 07:00:00,26,46,17
2024-03-07 08:00:00,98,74,67
2024-03-07 09:00:00,121,77,28
2024-03-07 10:00:00,122,72,24
2024-03-07 11:00:00,107,58,16
2024-03-07 12:00:00,227,56,34
2024-03-07 13:00:00,207,76,38
2024-03-07 14:00:00,126,81,23
2024-03-07 15:00:00,99,70,23
2024-03-07 16:00:00,141,89,29
2024-03-07 17:00:00,175,132,73
2024-03-07 18:00:00,153,140,54
2024-03-07 19:00:00,111,161,21
2024-03-07 20:00:00,107,95,14
2024-03-07 21:00:00,134,120,10
2024-03-07 22:00:00,152,124,12
2024-03-07 23:00:00,117,129,9
2024-03-08 00:00:00,70,105,5
2024-03-08 01:00:00,53,64,9
2024-03-08 02:00:00,33,63,1
2024-03-08 03:00:00,37,29,0
2024-03-08 04:00:00,1,6,0
2024-03-08 05:00:00,4,14,0
2024-03-08 06:00:00,4,21,5
2024-03-08 07:00:00,24,39,12
2024-03-08 08:00:00,94,66,47
2024-03-08 09:00:00,101,62,36
2024-03-08 10:00:00,87,74,15
2024-03-08 11:00:00,94,76,19
2024-03-08 12:00:00,166,82,20
2024-03-08 13:00:00,170,89,22
2024-03-08 14:00:00,135,65,38
2024-03-08 15:00:00,122,93,33
2024-03-08 16:00:00,165,96,40
2024-03-08 17:00:00,162,128,56
2024-03-08 18:00:00,168,166,33
2024-03-08 19:00:00,136,238,31
2024-03-08 20:00:00,164,211,26
2024-03-08 21:00:00,185,177,25
2024-03-08 22:00:00,190,237,14
2024-03-08 23:00:00,200,200,10
2024-03-09 00:00:00,98,215,7
2024-03-09 01:00:00,68,186,3
2024-03-09 02:00:00,50,118,3
2024-03-09 03:00:00,49,38,2
2024-03-09 04:00:00,23,21,3
2024-03-09 05:00:00,11,7,2
2024-03-09 06:00:00,8,11,0
2024-03-09 07:00:00,9,10,8
2024-03-09 08:00:00,22,36,5
2024-03-09 09:00:00,37,43,12
2024-03-09 10:00:00,68,73,12
2024-03-09 11:00:00,75,93,31
2024-03-09 12:00:00,123,100,27
2024-03-09 13:00:00,131,104,27
2024-03-09 14:00:00,165,134,19
2024-03-09 15:00:00,184,116,32
2024-03-09 16:00:00,169,155,22
2024-03-09 17:00:00,190,185,28
2024-03-09 18:00:00,168,196,23
2024-03-09 19:00:00,225,294,28
2024-03-09 20:00:00,158,261,10
2024-03-09 21:00:00,118,254,13
2024-03-09 22:00:00,202,304,10
2024-03-09 23:00:00,266,225,8
2024-03-10 00:00:00,123,239,15
2024-03-10 01:00:00,65,196,2
2024-03-10 02:00:00,58,165,5
2024-03-10 03:00:00,32,71,1
2024-03-10 04:00:00,8,25,0
2024-03-10 05:00:00,6,21,0
2024-03-10 06:00:00,9,8,2
2024-03-10 07:00:00,13,36,3
2024-03-10 08:00:00,15,16,2
2024-03-10 09:00:00,42,47,11
2024-03-10 10:00:00,87,80,19
2024-03-10 11:00:00,58,77,27
2024-03-10 12:00:00,88,81,15
2024-03-10 13:00:00,103,60,33
2024-03-10 14:00:00,74,110,33
2024-03-10 15:00:00,99,100,18
2024-03-10 16:00:00,93,101,11
2024-03-10 17:00:00,127,92,13
2024-03-10 18:00:00,102,95,20
2024-03-10 19:00:00,101,68,22
2024-03-10 20:00:00,80,65,19
2024-03-10 21:00:00,54,26,11
2024-03-10 22:00:00,57,42,7
2024-03-10 23:00:00,38,27,2
2024-03-11 00:00:00,15,53,5
2024-03-11 01:00:00,6,23,0
2024-03-11 02:00:00,5,6,0
2024-03-11 03:00:00,4,7,3
2024-03-11 04:00:00,2,3,0
2024-03-11 05:00:00,0,15,2
2024-03-11 06:00:00,4,32,3
2024-03-11 07:00:00,21,55,30
2024-03-11 08:00:00,76,88,64
2024-03-11 09:00:00,90,92,31
2024-03-11 10:00:00,93,57,17
2024-03-11 11:00:00,134,52,17
2024-03-11 12:00:00,204,65,19
2024-03-11 13:00:00,221,68,22
2024-03-11 14:00:00,103,84,15
2024-03-11 15:00:00,117,73,18
2024-03-11 16:00:00,129,73,31
2024-03-11 17:00:00,168,89,64
2024-03-11 18:00:00,107,88,42
2024-03-11 19:00:00,103,79,24
2024-03-11 20:00:00,51,72,17
2024-03-11 21:00:00,88,79,21
2024-03-11 22:00:00,69,83,6
2024-03-11 23:00:00,42,50,9
2024-03-12 00:00:00,24,42,3
2024-03-12 01:00:00,19,15,2
2024-03-12 02:00:00,2,13,0
2024-03-12 03:00:00,4,14,0
2024-03-12 04:00:00,0,4,0
2024-03-12 05:00:00,4,11,0
2024-03-12 06:00:00,8,19,4
2024-03-12 07:00:00,15,39,18
2024-03-12 08:00:00,64,87,43
2024-03-12 09:00:00,67,103,36
2024-03-12 10:00:00,61,100,14
2024-03-12 11:00:00,87,91,13
2024-03-12 12:00:00,176,76,14
2024-03-12 13:00:00,186,70,25
2024-03-12 14:00:00,97,67,17
2024-03-12 15:00:00,104,74,20
2024-03-12 16:00:00,101,88,24
2024-03-12 17:00:00,102,119,63
2024-03-12 18:00:00,172,139,35
2024-03-12 19:00:00,106,108,27
2024-03-12 20:00:00,98,71,15
2024-03-12 21:00:00,106,73,12
2024-03-12 22:00:00,127,116,13
2024-03-12 23:00:00,108,89,7
2024-03-13 00:00:00,52,78,2
2024-03-13 01:00:00,45,46,1
2024-03-13 02:00:00,32,34,0
2024-03-13 03:00:00,10,18,0
2024-03-13 04:00:00,10,8,0
2024-03-13 05:00:00,1,10,1
2024-03-13 06:00:00,11,18,7
2024-03-13 07:00:00,21,58,27
2024-03-13 08:00:00,87,75,61
2024-03-13 09:00:00,62,67,38
2024-03-13 10:00:00,93,81,12
2024-03-13 11:00:00,114,80,23
2024-03-13 12:00:00,185,77,27
2024-03-13 13:00:00,227,92,25
2024-03-13 14:00:00,172,94,15
2024-03-13 15:00:00,121,74,26
2024-03-13 16:00:00,123,109,33
2024-03-13 17:00:00,151,107,87
2024-03-13 18:00:00,146,76,42
2024-03-13 19:00:00,109,115,23
2024-03-13 20:00:00,92,97,21
2024-03-13 21:00:00,129,99,7
2024-03-13 22:00:00,89,128,25
2024-03-13 23:00:00,130,77,2
2024-03-14 00:00:00,88,62,3
2024-03-14 01:00:00,25,48,5
2024-03-14 02:00:00,24,21,0
2024-03-14 03:00:00,17,17,0
2024-03-14 04:00:00,5,8,0
2024-03-14 05:00:00,3,7,1
2024-03-14 06:00:00,3,20,7
2024-03-14 07:00:00,16,54,20
2024-03-14 08:00:00,83,77,48
2024-03-14 09:00:00,57,78,32
2024-03-14 10:00:00,80,93,23
2024-03-14 11:00:00,94,56,20
2024-03-14 12:00:00,160,71,28
2024-03-14 13:00:00,197,78,34
2024-03-14 14:00:00,95,68,10
2024-03-14 15:00:00,105,89,20
2024-03-14 16:00:00,102,78,22
2024-03-14 17:00:00,157,107,59
2024-03-14 18:00:00,128,120,39
2024-03-14 19:00:00,103,144,42
2024-03-14 20:00:00,109,102,16
2024-03-14 21:00:00,99,120,10
2024-03-14 22:00:00,92,150,7
2024-03-14 23:00:00,143,106,9
2024-03-15 00:00:00,56,85,4
2024-03-15 01:00:00,43,57,3
2024-03-15 02:00:00,36,41,3
2024-03-15 03:00:00,25,15,0
2024-03-15 04:00:00,6,10,0
2024-03-15 05:00:00,2,15,1
2024-03-15 06:00:00,2,15,4
2024-03-15 07:00:00,25,39,10
2024-03-15 08:00:00,73,103,32
2024-03-15 09:00:00,87,73,23
2024-03-15 10:00:00,120,64,18
2024-03-15 11:00:00,105,85,16
2024-03-15 12:00:00,255,78,15
2024-03-15 13:00:00,216,82,28
2024-03-15 14:00:00,129,75,29
2024-03-15 15:00:00,158,85,21
2024-03-15 16:00:00,160,97,27
2024-03-15 17:00:00,142,155,55
2024-03-15 18:00:00,134,138,30
2024-03-15 19:00:00,175,233,32
2024-03-15 20:00:00,160,209,16
2024-03-15 21:00:00,210,245,23
2024-03-15 22:00:00,246,200,17
2024-03-15 23:00:00,233,239,7
2024-03-16 00:00:00,161,205,15
2024-03-16 01:00:00,70,205,1
2024-03-16 02:00:00,43,129,3
2024-03-16 03:00:00,31,61,2
2024-03-16 04:00:00,26,27,0
2024-03-16 05:00:00,5,15,1
2024-03-16 06:00:00,8,18,3
2024-03-16 07:00:00,13,14,3
2024-03-16 08:00:00,23,34,7
2024-03-16 09:00:00,35,59,22
2024-03-16 10:00:00,57,49,18
2024-03-16 11:00:00,70,88,22
2024-03-16 12:00:00,125,87,23
2024-03-16 13:00:00,173,138,19
2024-03-16 14:00:00,154,116,25
2024-03-16 15:00:00,156,144,12
2024-03-16 16:00:00,120,199,16
2024-03-16 17:00:00,216,217,17
2024-03-16 18:00:00,166,152,20
2024-03-16 19:00:00,202,252,28
2024-03-16 20:00:00,200,241,18
2024-03-16 21:00:00,217,232,14
2024-03-16 22:00:00,362,290,16
2024-03-16 23:00:00,260,264,8
2024-03-17 00:00:00,158,283,5
2024-03-17 01:00:00,80,182,5
2024-03-17 02:00:00,41,146,2
2024-03-17 03:00:00,24,61,0
2024-03-17 04:00:00,26,37,0
2024-03-17 05:00:00,13,32,1
2024-03-17 06:00:00,7,10,2
2024-03-17 07:00:00,6,17,1
2024-03-17 08:00:00,14,28,3
2024-03-17 09:00:00,32,44,15
2024-03-17 10:00:00,68,55,17
2024-03-17 11:00:00,66,81,34
2024-03-17 12:00:00,125,79,20
2024-03-17 13:00:00,647,100,48
2024-03-17 14:00:00,255,96,24
2024-03-17 15:00:00,238,108,42
2024-03-17 16:00:00,205,91,24
2024-03-17 17:00:00,246,83,32
2024-03-17 18:00:00,203,117,28
2024-03-17 19:00:00,219,133,16
2024-03-17 20:00:00,339,146,19
2024-03-17 21:00:00,320,138,9
2024-03-17 22:00:00,371,133,19
2024-03-17 23:00:00,260,112,18
2024-03-18 00:00:00,116,84,8
2024-03-18 01:00:00,42,63,1
2024-03-18 02:00:00,11,21,0
2024-03-18 03:00:00,11,16,0
2024-03-18 04:00:00,3,8,0
2024-03-18 05:00:00,1,12,3
2024-03-18 06:00:00,0,14,7
2024-03-18 07:00:00,16,54,21
2024-03-18 08:00:00,71,60,74
2024-03-18 09:00:00,84,63,30
2024-03-18 10:00:00,71,67,16
2024-03-18 11:00:00,88,49,15
2024-03-18 12:00:00,176,56,16
2024-03-18 13:00:00,197,70,26
2024-03-18 14:00:00,105,68,31
2024-03-18 15:00:00,103,72,16
2024-03-18 16:00:00,113,76,37
2024-03-18 17:00:00,165,89,92
2024-03-18 18:00:00,138,90,41
2024-03-18 19:00:00,99,71,26
2024-03-18 20:00:00,76,87,14
2024-03-18 21:00:00,89,73,23
2024-03-18 22:00:00,79,103,7
2024-03-18 23:00:00,62,75,6
2024-03-19 00:00:00,33,38,1
2024-03-19 01:00:00,11,24,0
2024-03-19 02:00:00,15,11,0
2024-03-19 03:00:00,1,5,1
2024-03-19 04:00:00,0,3,1
2024-03-19 05:00:00,5,15,4
2024-03-19 06:00:00,13,23,7
2024-03-19 07:00:00,20,50,14
2024-03-19 08:00:00,57,109,72
2024-03-19 09:00:00,63,101,41
2024-03-19 10:00:00,94,83,26
2024-03-19 11:00:00,80,69,16
2024-03-19 12:00:00,228,76,25
2024-03-19 13:00:00,256,59,18
2024-03-19 14:00:00,161,82,31
2024-03-19 15:00:00,106,88,27
2024-03-19 16:00:00,112,104,43
2024-03-19 17:00:00,147,115,91
2024-03-19 18:00:00,167,119,48
2024-03-19 19:00:00,138,152,31
2024-03-19 20:00:00,66,76,11
2024-03-19 21:00:00,104,92,9
2024-03-19 22:00:00,90,122,8
2024-03-19 23:00:00,98,82,3
2024-03-20 00:00:00,75,65,6
2024-03-20 01:00:00,30,34,1
2024-03-20 02:00:00,30,13,0
2024-03-20 03:00:00,12,9,0
2024-03-20 04:00:00,1,9,0
2024-03-20 05:00:00,2,18,0
2024-03-20 06:00:00,9,19,5
2024-03-20 07:00:00,20,32,21
2024-03-20 08:00:00,70,89,67
2024-03-20 09:00:00,75,150,51
2024-03-20 10:00:00,80,77,28
2024-03-20 11:00:00,103,82,21
2024-03-20 12:00:00,192,66,19
2024-03-20 13:00:00,239,77,35
2024-03-20 14:00:00,129,77,30
2024-03-20 15:00:00,93,70,26
2024-03-20 16:00:00,117,93,47
2024-03-20 17:00:00,172,143,72
2024-03-20 18:00:00,142,124,61
2024-03-20 19:00:00,157,127,35
2024-03-20 20:00:00,112,85,17
2024-03-20 21:00:00,113,119,21
2024-03-20 22:00:00,130,150,18
2024-03-20 23:00:00,94,131,13
2024-03-21 00:00:00,61,101,10
2024-03-21 01:00:00,37,63,1
2024-03-21 02:00:00,13,36,1
2024-03-21 03:00:00,13,20,0
2024-03-21 04:00:00,7,25,1
2024-03-21 05:00:00,1,15,4
2024-03-21 06:00:00,8,21,4
2024-03-21 07:00:00,24,62,31
2024-03-21 08:00:00,82,81,59
2024-03-21 09:00:00,58,94,65
2024-03-21 10:00:00,54,62,18
2024-03-21 11:00:00,112,71,18
2024-03-21 12:00:00,235,68,22
2024-03-21 13:00:00,222,88,35
2024-03-21 14:00:00,124,65,22
2024-03-21 15:00:00,128,82,21
2024-03-21 16:00:00,119,100,46
2024-03-21 17:00:00,233,151,65
2024-03-21 18:00:00,124,143,51
2024-03-21 19:00:00,157,138,41
2024-03-21 20:00:00,94,121,18
2024-03-21 21:00:00,129,126,14
2024-03-21 22:00:00,127,195,20
2024-03-21 23:00:00,176,109,12
2024-03-22 00:00:00,88,111,5
2024-03-22 01:00:00,41,79,0
2024-03-22 02:00:00,51,47,2
2024-03-22 03:00:00,9,30,1
2024-03-22 04:00:00,3,7,0
2024-03-22 05:00:00,3,13,1
2024-03-22 06:00:00,6,14,8
2024-03-22 07:00:00,20,39,20
2024-03-22 08:00:00,70,84,39
2024-03-22 09:00:00,87,74,26
2024-03-22 10:00:00,94,67,12
2024-03-22 11:00:00,109,64,14
2024-03-22 12:00:00,213,63,29
2024-03-22 13:00:00,213,102,28
2024-03-22 14:00:00,141,78,31
2024-03-22 15:00:00,123,113,32
2024-03-22 16:00:00,135,98,42
2024-03-22 17:00:00,170,179,64
2024-03-22 18:00:00,211,198,43
2024-03-22 19:00:00,158,236,30
2024-03-22 20:00:00,138,232,26
2024-03-22 21:00:00,122,231,10
2024-03-22 22:00:00,219,266,18
2024-03-22 23:00:00,198,221,20
2024-03-23 00:00:00,135,220,5
2024-03-23 01:00:00,101,204,6
2024-03-23 02:00:00,52,141,1
2024-03-23 03:00:00,24,54,1
2024-03-23 04:00:00,11,26,0
2024-03-23 05:00:00,5,25,1
2024-03-23 06:00:00,7,12,3
2024-03-23 07:00:00,12,15,3
2024-03-23 08:00:00,30,37,11
2024-03-23 09:00:00,43,60,13
2024-03-23 10:00:00,64,76,15
2024-03-23 11:00:00,76,113,15
2024-03-23 12:00:00,134,119,23
2024-03-23 13:00:00,127,139,19
2024-03-23 14:00:00,135,145,18
2024-03-23 15:00:00,126,144,31
2024-03-23 16:00:00,168,139,31
2024-03-23 17:00:00,200,211,37
2024-03-23 18:00:00,186,186,29
2024-03-23 19:00:00,138,260,22
2024-03-23 20:00:00,189,241,14
2024-03-23 21:00:00,189,264,8
2024-03-23 22:00:00,193,310,10
2024-03-23 23:00:00,204,301,12
2024-03-24 00:00:00,131,302,4
2024-03-24 01:00:00,76,263,13
2024-03-24 02:00:00,41,182,2
2024-03-24 03:00:00,53,55,0
2024-03-24 04:00:00,19,47,0
2024-03-24 05:00:00,6,16,1
2024-03-24 06:00:00,0,21,2
2024-03-24 07:00:00,5,18,2
2024-03-24 08:00:00,24,20,8
2024-03-24 09:00:00,29,40,8
2024-03-24 10:00:00,52,54,12
2024-03-24 11:00:00,80,72,21
2024-03-24 12:00:00,75,60,25
2024-03-24 13:00:00,89,92,18
2024-03-24 14:00:00,73,78,23
2024-03-24 15:00:00,76,69,21
2024-03-24 16:00:00,76,82,29
2024-03-24 17:00:00,50,93,26
2024-03-24 18:00:00,71,69,19
2024-03-24 19:00:00,44,55,21
2024-03-24 20:00:00,78,60,15
2024-03-24 21:00:00,54,79,8
2024-03-24 22:00:00,50,70,11
2024-03-24 23:00:00,38,58,1
2024-03-25 00:00:00,30,25,0
2024-03-25 01:00:00,6,19,1
2024-03-25 02:00:00,12,14,2
2024-03-25 03:00:00,4,14,2
2024-03-25 04:00:00,2,3,0
2024-03-25 05:00:00,5,2,1
2024-03-25 06:00:00,3,14,4
2024-03-25 07:00:00,19,41,19
2024-03-25 08:00:00,59,60,72
2024-03-25 09:00:00,43,74,38
2024-03-25 10:00:00,53,51,21
2024-03-25 11:00:00,89,51,15
2024-03-25 12:00:00,152,86,30
2024-03-25 13:00:00,148,61,19
2024-03-25 14:00:00,78,71,18
2024-03-25 15:00:00,70,80,14
2024-03-25 16:00:00,55,77,26
2024-03-25 17:00:00,95,106,67
2024-03-25 18:00:00,96,96,38
2024-03-25 19:00:00,58,82,22
2024-03-25 20:00:00,57,69,20
2024-03-25 21:00:00,51,82,16
2024-03-25 22:00:00,47,91,15
2024-03-25 23:00:00,31,54,6
2024-03-26 00:00:00,22,60,2
2024-03-26 01:00:00,7,34,1
2024-03-26 02:00:00,9,11,2
2024-03-26 03:00:00,9,10,0
2024-03-26 04:00:00,3,10,0
2024-03-26 05:00:00,4,16,1
2024-03-26 06:00:00,6,24,11
2024-03-26 07:00:00,33,53,25
2024-03-26 08:00:00,39,65,63
2024-03-26 09:00:00,55,99,47
2024-03-26 10:00:00,45,76,12
2024-03-26 11:00:00,54,58,26
2024-03-26 12:00:00,159,64,18
2024-03-26 13:00:00,131,61,39
2024-03-26 14:00:00,77,81,21
2024-03-26 15:00:00,88,67,24
2024-03-26 16:00:00,59,63,35
2024-03-26 17:00:00,87,120,79
2024-03-26 18:00:00,121,123,50
2024-03-26 19:00:00,66,118,13
2024-03-26 20:00:00,56,92,21
2024-03-26 21:00:00,44,91,6
2024-03-26 22:00:00,74,153,17
2024-03-26 23:00:00,45,91,6
2024-03-27 00:00:00,20,93,2
2024-03-27 01:00:00,10,33,1
2024-03-27 02:00:00,13,6,1
2024-03-27 03:00:00,4,16,0
2024-03-27 04:00:00,0,4,0
2024-03-27 05:00:00,2,7,0
2024-03-27 06:00:00,5,27,8
2024-03-27 07:00:00,21,54,26
2024-03-27 08:00:00,38,81,42
2024-03-27 09:00:00,27,83,40
2024-03-27 10:00:00,33,77,13
2024-03-27 11:00:00,67,85,21
2024-03-27 12:00:00,135,68,23
2024-03-27 13:00:00,134,80,30
2024-03-27 14:00:00,52,100,15
2024-03-27 15:00:00,67,65,14
2024-03-27 16:00:00,72,103,31
2024-03-27 17:00:00,111,129,61
2024-03-27 18:00:00,116,86,42
2024-03-27 19:00:00,83,164,15
2024-03-27 20:00:00,66,113,24
2024-03-27 21:00:00,40,120,15
2024-03-27 22:00:00,44,154,4
2024-03-27 23:00:00,36,117,4
2024-03-28 00:00:00,33,104,2
2024-03-28 01:00:00,17,39,1
2024-03-28 02:00:00,5,21,0
2024-03-28 03:00:00,3,5,0
2024-03-28 04:00:00,0,8,0
2024-03-28 05:00:00,3,10,1
2024-03-28 06:00:00,6,19,2
2024-03-28 07:00:00,24,55,13
2024-03-28 08:00:00,49,94,51
2024-03-28 09:00:00,41,94,33
2024-03-28 10:00:00,43,95,17
2024-03-28 11:00:00,54,84,12
2024-03-28 12:00:00,160,113,29
2024-03-28 13:00:00,188,116,23
2024-03-28 14:00:00,66,122,11
2024-03-28 15:00:00,73,101,12
2024-03-28 16:00:00,67,121,24
2024-03-28 17:00:00,102,206,41
2024-03-28 18:00:00,106,199,30
2024-03-28 19:00:00,86,266,22
2024-03-28 20:00:00,79,197,15
2024-03-28 21:00:00,137,176,10
2024-03-28 22:00:00,125,210,15
2024-03-28 23:00:00,120,201,9
2024-03-29 00:00:00,87,193,8
2024-03-29 01:00:00,33,101,1
2024-03-29 02:00:00,23,68,1
2024-03-29 03:00:00,30,33,3
2024-03-29 04:00:00,2,22,0
2024-03-29 05:00:00,2,25,0
2024-03-29 06:00:00,2,13,2
2024-03-29 07:00:00,13,32,2
2024-03-29 08:00:00,13,26,8
2024-03-29 09:00:00,30,74,11
2024-03-29 10:00:00,41,72,7
2024-03-29 11:00:00,70,62,14
2024-03-29 12:00:00,69,78,13
2024-03-29 13:00:00,93,94,13
2024-03-29 14:00:00,71,124,25
2024-03-29 15:00:00,89,132,15
2024-03-29 16:00:00,90,135,28
2024-03-29 17:00:00,154,156,20
2024-03-29 18:00:00,117,163,14
2024-03-29 19:00:00,166,225,16
2024-03-29 20:00:00,99,214,11
2024-03-29 21:00:00,176,263,19
2024-03-29 22:00:00,145,252,8
2024-03-29 23:00:00,144,331,3
2024-03-30 00:00:00,82,277,10
2024-03-30 01:00:00,37,281,4
2024-03-30 02:00:00,29,116,1
2024-03-30 03:00:00,13,34,4
2024-03-30 04:00:00,17,32,1
2024-03-30 05:00:00,10,16,2
2024-03-30 06:00:00,2,7,3
2024-03-30 07:00:00,8,14,6
2024-03-30 08:00:00,15,38,5
2024-03-30 09:00:00,34,35,9
2024-03-30 10:00:00,52,48,12
2024-03-30 11:00:00,55,73,28
2024-03-30 12:00:00,78,82,27
2024-03-30 13:00:00,121,110,23
2024-03-30 14:00:00,149,136,24
2024-03-30 15:00:00,130,131,18
2024-03-30 16:00:00,106,174,21
2024-03-30 17:00:00,200,168,17
2024-03-30 18:00:00,139,167,28
2024-03-30 19:00:00,128,222,16
2024-03-30 20:00:00,136,204,14
2024-03-30 21:00:00,135,195,19
2024-03-30 22:00:00,154,350,4
2024-03-30 23:00:00,74,317,5
2024-03-31 00:00:00,111,294,5
2024-03-31 01:00:00,87,198,11
2024-03-31 02:00:00,14,96,2
2024-03-31 03:00:00,7,32,1
2024-03-31 04:00:00,10,33,1
2024-03-31 05:00:00,2,26,1
2024-03-31 06:00:00,3,10,6
2024-03-31 07:00:00,11,29,3
2024-03-31 08:00:00,22,30,11
2024-03-31 09:00:00,25,46,6
2024-03-31 10:00:00,56,84,14
2024-03-31 11:00:00,32,80,10
2024-03-31 12:00:00,64,74,32
2024-03-31 13:00:00,45,92,14
2024-03-31 14:00:00,70,112,32
2024-03-31 15:00:00,84,105,43
2024-03-31 16:00:00,70,95,26
2024-03-31 17:00:00,89,120,23
2024-03-31 18:00:00,59,95,17
2024-03-31 19:00:00,104,116,19
2024-03-31 20:00:00,65,114,9
2024-03-31 21:00:00,104,147,14
2024-03-31 22:00:00,46,143,1
2024-03-31 23:00:00,41,160,2
2024-04-01 00:00:00,10,55,1
2024-04-01 01:00:00,11,47,0
2024-04-01 02:00:00,7,22,0
2024-04-01 03:00:00,3,11,0
2024-04-01 04:00:00,3,4,1
2024-04-01 05:00:00,4,11,5
2024-04-01 06:00:00,9,18,4
2024-04-01 07:00:00,21,15,7
2024-04-01 08:00:00,27,23,10
2024-04-01 09:00:00,25,54,12
2024-04-01 10:00:00,49,39,20
2024-04-01 11:00:00,36,37,17
2024-04-01 12:00:00,53,46,9
2024-04-01 13:00:00,54,75,18
2024-04-01 14:00:00,49,55,17
2024-04-01 15:00:00,52,62,8
2024-04-01 16:00:00,50,63,21
2024-04-01 17:00:00,60,78,25
2024-04-01 18:00:00,65,58,23
2024-04-01 19:00:00,49,39,7
2024-04-01 20:00:00,48,64,9
2024-04-01 21:00:00,50,49,2
2024-04-01 22:00:00,25,80,2
2024-04-01 23:00:00,19,51,1
2024-04-02 00:00:00,13,28,0
2024-04-02 01:00:00,4,19,0
2024-04-02 02:00:00,3,17,1
2024-04-02 03:00:00,2,6,2
2024-04-02 04:00:00,1,13,1
2024-04-02 05:00:00,4,22,7
2024-04-02 06:00:00,17,33,23
2024-04-02 07:00:00,127,71,59
2024-04-02 08:00:00,66,54,35
2024-04-02 09:00:00,132,76,22
2024-04-02 10:00:00,85,54,15
2024-04-02 11:00:00,211,71,15
2024-04-02 12:00:00,276,76,18
2024-04-02 13:00:00,148,83,21
2024-04-02 14:00:00,133,78,17
2024-04-02 15:00:00,66,93,28
2024-04-02 16:00:00,97,147,72
2024-04-02 17:00:00,71,122,35
2024-04-02 18:00:00,59,75,21
2024-04-02 19:00:00,51,82,15
2024-04-02 20:00:00,36,57,7
2024-04-02 21:00:00,42,69,7
2024-04-02 22:00:00,35,83,8
2024-04-02 23:00:00,22,68,1
2024-04-03 00:00:00,6,30,2
2024-04-03 01:00:00,5,23,0
2024-04-03 02:00:00,4,9,0
2024-04-03 03:00:00,1,14,0
2024-04-03 04:00:00,8,13,4
2024-04-03 05:00:00,2,20,7
2024-04-03 06:00:00,19,44,19
2024-04-03 07:00:00,44,61,49
2024-04-03 08:00:00,36,83,32
2024-04-03 09:00:00,30,85,20
2024-04-03 10:00:00,67,61,11
2024-04-03 11:00:00,150,81,23
2024-04-03 12:00:00,152,94,24
2024-04-03 13:00:00,114,85,13
2024-04-03 14:00:00,85,101,16
2024-04-03 15:00:00,63,74,30
2024-04-03 16:00:00,95,91,66
2024-04-03 17:00:00,85,115,49
2024-04-03 18:00:00,66,84,26
2024-04-03 19:00:00,58,68,21
2024-04-03 20:00:00,37,73,12
2024-04-03 21:00:00,34,108,4
2024-04-03 22:00:00,26,77,5
2024-04-03 23:00:00,25,73,2
2024-04-04 00:00:00,20,64,0
2024-04-04 01:00:00,10,25,0
2024-04-04 02:00:00,2,25,0
2024-04-04 03:00:00,2,2,0
2024-04-04 04:00:00,2,17,0
2024-04-04 05:00:00,7,14,3
2024-04-04 06:00:00,19,57,14
2024-04-04 07:00:00,23,89,45
2024-04-04 08:00:00,38,90,24
2024-04-04 09:00:00,41,93,16
2024-04-04 10:00:00,91,78,14
2024-04-04 11:00:00,162,111,15
2024-04-04 12:00:00,193,104,26
2024-04-04 13:00:00,84,82,7
2024-04-04 14:00:00,70,69,14
2024-04-04 15:00:00,73,97,25
2024-04-04 16:00:00,94,115,57
2024-04-04 17:00:00,72,131,38
2024-04-04 18:00:00,64,136,22
2024-04-04 19:00:00,104,90,13
2024-04-04 20:00:00,72,87,16
2024-04-04 21:00:00,54,98,8
2024-04-04 22:00:00,57,123,6
2024-04-04 23:00:00,20,103,0
2024-04-05 00:00:00,12,88,1
2024-04-05 01:00:00,13,47,0
2024-04-05 02:00:00,4,33,0
2024-04-05 03:00:00,5,7,0
2024-04-05 04:00:00,3,14,1
2024-04-05 05:00:00,4,16,4
2024-04-05 06:00:00,19,40,8
2024-04-05 07:00:00,44,56,42
2024-04-05 08:00:00,35,75,28
2024-04-05 09:00:00,42,73,15
2024-04-05 10:00:00,60,76,19
2024-04-05 11:00:00,166,89,21
2024-04-05 12:00:00,161,79,21
2024-04-05 13:00:00,124,100,18
2024-04-05 14:00:00,98,117,15
2024-04-05 15:00:00,88,107,40
2024-04-05 16:00:00,134,115,51
2024-04-05 17:00:00,107,173,46
2024-04-05 18:00:00,98,220,25
2024-04-05 19:00:00,89,197,11
2024-04-05 20:00:00,117,138,19
2024-04-05 21:00:00,136,203,14
2024-04-05 22:00:00,117,219,10
2024-04-05 23:00:00,69,272,10
2024-04-06 00:00:00,51,225,4
2024-04-06 01:00:00,34,114,0
2024-04-06 02:00:00,5,60,0
2024-04-06 03:00:00,7,36,1
2024-04-06 04:00:00,2,15,0
2024-04-06 05:00:00,9,16,2
2024-04-06 06:00:00,7,13,2
2024-04-06 07:00:00,20,48,8
2024-04-06 08:00:00,24,49,20
2024-04-06 09:00:00,42,69,16
2024-04-06 10:00:00,103,95,14
2024-04-06 11:00:00,95,116,11
2024-04-06 12:00:00,128,151,27
2024-04-06 13:00:00,139,135,22
2024-04-06 14:00:00,124,153,25
2024-04-06 15:00:00,139,108,18
2024-04-06 16:00:00,150,145,16
2024-04-06 17:00:00,115,192,24
2024-04-06 18:00:00,166,215,14
2024-04-06 19:00:00,151,212,12
2024-04-06 20:00:00,114,215,9
2024-04-06 21:00:00,181,232,3
2024-04-06 22:00:00,143,288,7
2024-04-06 23:00:00,136,312,6
2024-04-07 00:00:00,41,235,4
2024-04-07 01:00:00,35,179,1
2024-04-07 02:00:00,26,71,3
2024-04-07 03:00:00,6,35,2
2024-04-07 04:00:00,8,28,0
2024-04-07 05:00:00,5,21,3
2024-04-07 06:00:00,4,14,2
2024-04-07 07:00:00,19,27,10
2024-04-07 08:00:00,26,39,10
2024-04-07 09:00:00,18,53,6
2024-04-07 10:00:00,38,62,12
2024-04-07 11:00:00,55,84,8
2024-04-07 12:00:00,61,87,19
2024-04-07 13:00:00,98,63,22
2024-04-07 14:00:00,104,98,24
2024-04-07 15:00:00,100,78,15
2024-04-07 16:00:00,67,61,20
2024-04-07 17:00:00,71,75,22
2024-04-07 18:00:00,59,85,15
2024-04-07 19:00:00,56,59,9
2024-04-07 20:00:00,38,68,4
2024-04-07 21:00:00,42,80,3
2024-04-07 22:00:00,53,89,8
2024-04-07 23:00:00,23,60,4
2024-04-08 00:00:00,8,18,0
2024-04-08 01:00:00,8,9,0
2024-04-08 02:00:00,2,12,0
2024-04-08 03:00:00,2,13,0
2024-04-08 04:00:00,1,8,0
2024-04-08 05:00:00,4,21,7
2024-04-08 06:00:00,12,43,16
2024-04-08 07:00:00,54,62,55
2024-04-08 08:00:00,46,56,28
2024-04-08 09:00:00,40,53,17
2024-04-08 10:00:00,47,56,11
2024-04-08 11:00:00,164,71,14
2024-04-08 12:00:00,160,63,22
2024-04-08 13:00:00,101,55,16
2024-04-08 14:00:00,73,92,29
2024-04-08 15:00:00,51,77,29
2024-04-08 16:00:00,95,92,70
2024-04-08 17:00:00,64,89,35
2024-04-08 18:00:00,43,78,27
2024-04-08 19:00:00,37,52,11
2024-04-08 20:00:00,59,54,13
2024-04-08 21:00:00,53,77,13
2024-04-08 22:00:00,28,87,2
2024-04-08 23:00:00,9,54,1
2024-04-09 00:00:00,9,19,0
2024-04-09 01:00:00,2,17,3
2024-04-09 02:00:00,11,16,0
2024-04-09 03:00:00,1,11,1
2024-04-09 04:00:00,4,11,0
2024-04-09 05:00:00,10,16,3
2024-04-09 06:00:00,19,42,25
2024-04-09 07:00:00,59,76,48
2024-04-09 08:00:00,65,100,44
2024-04-09 09:00:00,53,92,12
2024-04-09 10:00:00,72,109,19
2024-04-09 11:00:00,145,82,25
2024-04-09 12:00:00,199,81,32
2024-04-09 13:00:00,99,73,20
2024-04-09 14:00:00,58,65,20
2024-04-09 15:00:00,62,103,23
2024-04-09 16:00:00,99,110,79
2024-04-09 17:00:00,103,110,41
2024-04-09 18:00:00,113,77,28
2024-04-09 19:00:00,67,60,22
2024-04-09 20:00:00,50,62,19
2024-04-09 21:00:00,59,87,14
2024-04-09 22:00:00,49,83,5
2024-04-09 23:00:00,40,52,4
2024-04-10 00:00:00,13,27,0
2024-04-10 01:00:00,7,35,0
2024-04-10 02:00:00,0,20,0
2024-04-10 03:00:00,5,3,0
2024-04-10 04:00:00,5,16,2
2024-04-10 05:00:00,10,19,3
2024-04-10 06:00:00,10,46,14
2024-04-10 07:00:00,35,74,55
2024-04-10 08:00:00,36,122,35
2024-04-10 09:00:00,33,141,10
2024-04-10 10:00:00,60,128,20
2024-04-10 11:00:00,123,93,11
2024-04-10 12:00:00,147,117,29
2024-04-10 13:00:00,99,104,13
2024-04-10 14:00:00,74,62,33
2024-04-10 15:00:00,70,105,26
2024-04-10 16:00:00,74,101,70
2024-04-10 17:00:00,97,135,43
2024-04-10 18:00:00,82,90,30
2024-04-10 19:00:00,61,63,11
2024-04-10 20:00:00,57,74,11
2024-04-10 21:00:00,67,92,6
2024-04-10 22:00:00,40,63,1
2024-04-10 23:00:00,40,47,3
2024-04-11 00:00:00,13,35,0
2024-04-11 01:00:00,10,21,2
2024-04-11 02:00:00,1,8,0
2024-04-11 03:00:00,0,11,0
2024-04-11 04:00:00,3,9,1
2024-04-11 05:00:00,3,20,3
2024-04-11 06:00:00,15,51,20
2024-04-11 07:00:00,40,68,49
2024-04-11 08:00:00,52,90,35
2024-04-11 09:00:00,46,77,16
2024-04-11 10:00:00,71,89,17
2024-04-11 11:00:00,167,83,26
2024-04-11 12:00:00,210,82,22
2024-04-11 13:00:00,94,76,14
2024-04-11 14:00:00,71,71,16
2024-04-11 15:00:00,91,112,28
2024-04-11 16:00:00,116,82,58
2024-04-11 17:00:00,102,123,26
2024-04-11 18:00:00,100,108,19
2024-04-11 19:00:00,116,89,29
2024-04-11 20:00:00,71,73,14
2024-04-11 21:00:00,108,66,15
2024-04-11 22:00:00,66,93,9
2024-04-11 23:00:00,58,93,7
2024-04-12 00:00:00,40,79,1
2024-04-12 01:00:00,11,35,3
2024-04-12 02:00:00,9,17,1
2024-04-12 03:00:00,1,9,0
2024-04-12 04:00:00,1,10,1
2024-04-12 05:00:00,1,20,6
2024-04-12 06:00:00,16,25,12
2024-04-12 07:00:00,56,56,31
2024-04-12 08:00:00,44,82,26
2024-04-12 09:00:00,53,88,22
2024-04-12 10:00:00,102,59,23
2024-04-12 11:00:00,244,76,30
2024-04-12 12:00:00,225,97,37
2024-04-12 13:00:00,132,110,31
2024-04-12 14:00:00,146,69,36
2024-04-12 15:00:00,194,83,56
2024-04-12 16:00:00,204,137,63
2024-04-12 17:00:00,203,198,48
2024-04-12 18:00:00,184,217,37
2024-04-12 19:00:00,170,240,38
2024-04-12 20:00:00,178,184,30
2024-04-12 21:00:00,213,287,13
2024-04-12 22:00:00,192,324,15
2024-04-12 23:00:00,105,315,13
2024-04-13 00:00:00,117,243,11
2024-04-13 01:00:00,33,165,0
2024-04-13 02:00:00,18,60,1
2024-04-13 03:00:00,20,36,0
2024-04-13 04:00:00,2,11,1
2024-04-13 05:00:00,14,9,5
2024-04-13 06:00:00,7,5,2
2024-04-13 07:00:00,32,36,4
2024-04-13 08:00:00,25,29,15
2024-04-13 09:00:00,47,58,15
2024-04-13 10:00:00,68,86,30
2024-04-13 11:00:00,121,128,18
2024-04-13 12:00:00,128,96,26
2024-04-13 13:00:00,168,131,51
2024-04-13 14:00:00,173,130,24
2024-04-13 15:00:00,164,153,25
2024-04-13 16:00:00,186,178,25
2024-04-13 17:00:00,205,203,48
2024-04-13 18:00:00,225,277,23
2024-04-13 19:00:00,165,322,22
2024-04-13 20:00:00,142,280,16
2024-04-13 21:00:00,244,307,21
2024-04-13 22:00:00,187,301,9
2024-04-13 23:00:00,153,202,6
2024-04-14 00:00:00,93,179,4
2024-04-14 01:00:00,86,108,4
2024-04-14 02:00:00,34,107,0
2024-04-14 03:00:00,6,46,2
2024-04-14 04:00:00,2,22,1
2024-04-14 05:00:00,6,22,1
2024-04-14 06:00:00,10,12,5
2024-04-14 07:00:00,13,22,15
2024-04-14 08:00:00,37,40,7
2024-04-14 09:00:00,77,65,18
2024-04-14 10:00:00,75,78,18
2024-04-14 11:00:00,77,99,23
2024-04-14 12:00:00,99,84,23
2024-04-14 13:00:00,134,78,22
2024-04-14 14:00:00,114,112,32
2024-04-14 15:00:00,135,89,28
2024-04-14 16:00:00,169,68,22
2024-04-14 17:00:00,144,72,18
2024-04-14 18:00:00,99,77,26
2024-04-14 19:00:00,95,65,8
2024-04-14 20:00:00,76,73,8
2024-04-14 21:00:00,56,71,12
2024-04-14 22:00:00,53,34,3
2024-04-14 23:00:00,14,23,1
2024-04-15 00:00:00,10,26,1
2024-04-15 01:00:00,5,4,0
2024-04-15 02:00:00,1,14,1
2024-04-15 03:00:00,0,6,0
2024-04-15 04:00:00,2,9,2
2024-04-15 05:00:00,7,17,5
2024-04-15 06:00:00,27,46,15
2024-04-15 07:00:00,74,101,38
2024-04-15 08:00:00,76,97,29
2024-04-15 09:00:00,112,80,12
2024-04-15 10:00:00,150,68,10
2024-04-15 11:00:00,196,99,15
2024-04-15 12:00:00,230,65,17
2024-04-15 13:00:00,121,81,15
2024-04-15 14:00:00,113,61,9
2024-04-15 15:00:00,121,88,30
2024-04-15 16:00:00,156,110,49
2024-04-15 17:00:00,123,83,44
2024-04-15 18:00:00,111,113,33
2024-04-15 19:00:00,102,63,18
2024-04-15 20:00:00,125,121,12
2024-04-15 21:00:00,89,77,4
2024-04-15 22:00:00,54,58,4
2024-04-15 23:00:00,25,38,5
2024-04-16 00:00:00,22,22,0
2024-04-16 01:00:00,4,8,0
2024-04-16 02:00:00,7,2,0
2024-04-16 03:00:00,1,4,0
2024-04-16 04:00:00,4,8,3
2024-04-16 05:00:00,8,20,13
2024-04-16 06:00:00,23,42,14
2024-04-16 07:00:00,91,62,60
2024-04-16 08:00:00,76,100,46
2024-04-16 09:00:00,86,58,30
2024-04-16 10:00:00,101,84,15
2024-04-16 11:00:00,217,86,18
2024-04-16 12:00:00,251,91,22
2024-04-16 13:00:00,164,96,27
2024-04-16 14:00:00,135,104,23
2024-04-16 15:00:00,121,71,43
2024-04-16 16:00:00,142,120,66
2024-04-16 17:00:00,148,119,49
2024-04-16 18:00:00,161,120,36
2024-04-16 19:00:00,125,89,24
2024-04-16 20:00:00,78,71,14
2024-04-16 21:00:00,115,123,5
2024-04-16 22:00:00,95,116,5
2024-04-16 23:00:00,30,61,1
2024-04-17 00:00:00,26,23,1
2024-04-17 01:00:00,13,17,0
2024-04-17 02:00:00,12,16,0
2024-04-17 03:00:00,4,3,2
2024-04-17 04:00:00,4,9,3
2024-04-17 05:00:00,13,21,6
2024-04-17 06:00:00,26,42,24
2024-04-17 07:00:00,87,67,71
2024-04-17 08:00:00,117,76,35
2024-04-17 09:00:00,93,82,21
2024-04-17 10:00:00,110,106,22
2024-04-17 11:00:00,226,90,19
2024-04-17 12:00:00,278,44,16
2024-04-17 13:00:00,100,52,18
2024-04-17 14:00:00,123,83,22
2024-04-17 15:00:00,122,109,37
2024-04-17 16:00:00,182,108,92
2024-04-17 17:00:00,159,139,47
2024-04-17 18:00:00,181,110,49
2024-04-17 19:00:00,102,65,33
2024-04-17 20:00:00,101,105,13
2024-04-17 21:00:00,161,104,17
2024-04-17 22:00:00,195,102,6
2024-04-17 23:00:00,67,76,4
2024-04-18 00:00:00,26,34,3
2024-04-18 01:00:00,27,21,0
2024-04-18 02:00:00,3,13,0
2024-04-18 03:00:00,1,8,1
2024-04-18 04:00:00,3,8,3
2024-04-18 05:00:00,5,18,5
2024-04-18 06:00:00,31,47,26
2024-04-18 07:00:00,83,66,55
2024-04-18 08:00:00,84,84,40
2024-04-18 09:00:00,83,80,26
2024-04-18 10:00:00,115,65,19
2024-04-18 11:00:00,248,90,19
2024-04-18 12:00:00,270,88,33
2024-04-18 13:00:00,135,66,31
2024-04-18 14:00:00,141,73,25
2024-04-18 15:00:00,134,101,34
2024-04-18 16:00:00,173,128,82
2024-04-18 17:00:00,162,143,62
2024-04-18 18:00:00,148,191,49
2024-04-18 19:00:00,114,141,30
2024-04-18 20:00:00,91,155,15
2024-04-18 21:00:00,112,164,37
2024-04-18 22:00:00,121,137,16
2024-04-18 23:00:00,59,140,8
2024-04-19 00:00:00,47,70,4
2024-04-19 01:00:00,35,51,1
2024-04-19 02:00:00,6,21,0
2024-04-19 03:00:00,4,11,0
2024-04-19 04:00:00,6,8,2
2024-04-19 05:00:00,8,23,6
2024-04-19 06:00:00,17,29,15
2024-04-19 07:00:00,75,72,57
2024-04-19 08:00:00,113,90,34
2024-04-19 09:00:00,93,86,21
2024-04-19 10:00:00,94,84,30
2024-04-19 11:00:00,156,93,20
2024-04-19 12:00:00,161,54,24
2024-04-19 13:00:00,118,83,24
2024-04-19 14:00:00,124,93,21
2024-04-19 15:00:00,141,114,49
2024-04-19 16:00:00,219,164,52
2024-04-19 17:00:00,234,172,48
2024-04-19 18:00:00,229,308,36
2024-04-19 19:00:00,259,160,39
2024-04-19 20:00:00,242,229,32
2024-04-19 21:00:00,256,248,25
2024-04-19 22:00:00,203,327,19
2024-04-19 23:00:00,205,310,16
2024-04-20 00:00:00,116,303,5
2024-04-20 01:00:00,53,159,2
2024-04-20 02:00:00,32,57,4
2024-04-20 03:00:00,7,32,2
2024-04-20 04:00:00,5,14,2
2024-04-20 05:00:00,3,12,4
2024-04-20 06:00:00,12,19,0
2024-04-20 07:00:00,23,26,7
2024-04-20 08:00:00,38,45,25
2024-04-20 09:00:00,74,48,14
2024-04-20 10:00:00,98,99,138
2024-04-20 11:00:00,145,127,54
2024-04-20 12:00:00,257,135,43
2024-04-20 13:00:00,243,161,22
2024-04-20 14:00:00,332,199,40
2024-04-20 15:00:00,324,181,51
2024-04-20 16:00:00,386,166,51
2024-04-20 17:00:00,379,254,20
2024-04-20 18:00:00,350,348,39
2024-04-20 19:00:00,343,265,23
2024-04-20 20:00:00,306,283,32
2024-04-20 21:00:00,350,318,11
2024-04-20 22:00:00,215,350,15
2024-04-20 23:00:00,152,311,8
2024-04-21 00:00:00,110,234,1
2024-04-21 01:00:00,62,144,3
2024-04-21 02:00:00,40,91,4
2024-04-21 03:00:00,33,33,4
2024-04-21 04:00:00,6,20,0
2024-04-21 05:00:00,4,15,3
2024-04-21 06:00:00,5,14,1
2024-04-21 07:00:00,24,15,15
2024-04-21 08:00:00,27,38,7
2024-04-21 09:00:00,56,57,23
2024-04-21 10:00:00,39,67,23
2024-04-21 11:00:00,120,68,23
2024-04-21 12:00:00,104,76,27
2024-04-21 13:00:00,95,68,21
2024-04-21 14:00:00,90,87,24
2024-04-21 15:00:00,128,73,21
2024-04-21 16:00:00,112,119,29
2024-04-21 17:00:00,145,190,19
2024-04-21 18:00:00,139,113,14
2024-04-21 19:00:00,109,69,16
2024-04-21 20:00:00,60,80,7
2024-04-21 21:00:00,69,112,3
2024-04-21 22:00:00,53,108,4
2024-04-21 23:00:00,22,82,6
2024-04-22 00:00:00,6,35,11
2024-04-22 01:00:00,10,18,0
2024-04-22 02:00:00,3,11,2
2024-04-22 03:00:00,1,2,1
2024-04-22 04:00:00,2,11,2
2024-04-22 05:00:00,5,17,6
2024-04-22 06:00:00,17,46,12
2024-04-22 07:00:00,70,88,70
2024-04-22 08:00:00,80,89,41
2024-04-22 09:00:00,69,85,17
2024-04-22 10:00:00,78,72,16
2024-04-22 11:00:00,170,76,22
2024-04-22 12:00:00,170,59,22
2024-04-22 13:00:00,118,61,14
2024-04-22 14:00:00,88,61,6
2024-04-22 15:00:00,119,86,32
2024-04-22 16:00:00,121,105,75
2024-04-22 17:00:00,148,78,43
2024-04-22 18:00:00,117,93,29
2024-04-22 19:00:00,125,65,8
2024-04-22 20:00:00,70,89,15
2024-04-22 21:00:00,58,100,10
2024-04-22 22:00:00,53,62,3
2024-04-22 23:00:00,35,28,3
2024-04-23 00:00:00,19,17,4
2024-04-23 01:00:00,9,16,9
2024-04-23 02:00:00,0,6,0
2024-04-23 03:00:00,0,2,0
2024-04-23 04:00:00,5,15,1
2024-04-23 05:00:00,6,15,13
2024-04-23 06:00:00,29,53,18
2024-04-23 07:00:00,73,88,69
2024-04-23 08:00:00,88,101,30
2024-04-23 09:00:00,78,81,17
2024-04-23 10:00:00,97,90,25
2024-04-23 11:00:00,225,85,18
2024-04-23 12:00:00,205,76,34
2024-04-23 13:00:00,131,82,33
2024-04-23 14:00:00,110,75,34
2024-04-23 15:00:00,127,100,42
2024-04-23 16:00:00,167,95,87
2024-04-23 17:00:00,150,104,45
2024-04-23 18:00:00,143,93,32
2024-04-23 19:00:00,137,53,23
2024-04-23 20:00:00,130,80,21
2024-04-23 21:00:00,152,108,10
2024-04-23 22:00:00,75,100,7
2024-04-23 23:00:00,46,100,7
2024-04-24 00:00:00,28,28,1
2024-04-24 01:00:00,15,19,2
2024-04-24 02:00:00,13,19,0
2024-04-24 03:00:00,7,5,0
2024-04-24 04:00:00,2,13,1
2024-04-24 05:00:00,7,13,8
2024-04-24 06:00:00,33,41,15
2024-04-24 07:00:00,75,92,68
2024-04-24 08:00:00,66,81,45
2024-04-24 09:00:00,90,95,28
2024-04-24 10:00:00,99,77,28
2024-04-24 11:00:00,215,109,22
2024-04-24 12:00:00,258,115,41
2024-04-24 13:00:00,148,90,26
2024-04-24 14:00:00,104,80,22
2024-04-24 15:00:00,159,74,34
2024-04-24 16:00:00,169,107,87
2024-04-24 17:00:00,142,129,68
2024-04-24 18:00:00,201,112,43
2024-04-24 19:00:00,156,75,27
2024-04-24 20:00:00,141,83,30
2024-04-24 21:00:00,102,131,10
2024-04-24 22:00:00,121,116,9
2024-04-24 23:00:00,47,83,7
2024-04-25 00:00:00,27,37,0
2024-04-25 01:00:00,36,27,0
2024-04-25 02:00:00,8,25,3
2024-04-25 03:00:00,5,6,0
2024-04-25 04:00:00,2,14,2
2024-04-25 05:00:00,5,16,6
2024-04-25 06:00:00,25,48,19
2024-04-25 07:00:00,84,71,62
2024-04-25 08:00:00,74,97,35
2024-04-25 09:00:00,80,85,22
2024-04-25 10:00:00,106,84,34
2024-04-25 11:00:00,198,74,32
2024-04-25 12:00:00,202,75,36
2024-04-25 13:00:00,105,95,8
2024-04-25 14:00:00,122,66,27
2024-04-25 15:00:00,106,124,28
2024-04-25 16:00:00,173,116,58
2024-04-25 17:00:00,144,122,48
2024-04-25 18:00:00,114,121,37
2024-04-25 19:00:00,135,100,30
2024-04-25 20:00:00,167,93,31
2024-04-25 21:00:00,124,122,12
2024-04-25 22:00:00,126,185,6
2024-04-25 23:00:00,87,119,2
2024-04-26 00:00:00,40,83,2
2024-04-26 01:00:00,55,67,0
2024-04-26 02:00:00,29,36,0
2024-04-26 03:00:00,4,14,0
2024-04-26 04:00:00,3,22,0
2024-04-26 05:00:00,11,17,10
2024-04-26 06:00:00,16,57,18
2024-04-26 07:00:00,50,83,55
2024-04-26 08:00:00,82,71,36
2024-04-26 09:00:00,83,84,13
2024-04-26 10:00:00,121,84,27
2024-04-26 11:00:00,214,74,16
2024-04-26 12:00:00,208,99,23
2024-04-26 13:00:00,151,88,18
2024-04-26 14:00:00,158,105,27
2024-04-26 15:00:00,170,107,48
2024-04-26 16:00:00,155,122,63
2024-04-26 17:00:00,130,161,33
2024-04-26 18:00:00,184,277,50
2024-04-26 19:00:00,210,198,30
2024-04-26 20:00:00,267,253,18
2024-04-26 21:00:00,278,232,4
2024-04-26 22:00:00,264,314,11
2024-04-26 23:00:00,188,318,4
2024-04-27 00:00:00,95,252,7
2024-04-27 01:00:00,41,152,4
2024-04-27 02:00:00,25,43,2
2024-04-27 03:00:00,4,29,0
2024-04-27 04:00:00,4,16,2
2024-04-27 05:00:00,7,9,2
2024-04-27 06:00:00,9,18,3
2024-04-27 07:00:00,18,42,8
2024-04-27 08:00:00,27,50,7
2024-04-27 09:00:00,56,65,14
2024-04-27 10:00:00,75,96,28
2024-04-27 11:00:00,130,137,18
2024-04-27 12:00:00,109,117,14
2024-04-27 13:00:00,145,174,22
2024-04-27 14:00:00,155,127,12
2024-04-27 15:00:00,167,165,18
2024-04-27 16:00:00,199,168,16
2024-04-27 17:00:00,192,206,41
2024-04-27 18:00:00,185,332,30
2024-04-27 19:00:00,151,248,16
2024-04-27 20:00:00,230,314,26
2024-04-27 21:00:00,336,259,23
2024-04-27 22:00:00,147,311,6
2024-04-27 23:00:00,136,285,1
2024-04-28 00:00:00,80,242,1
2024-04-28 01:00:00,45,180,8
2024-04-28 02:00:00,35,109,0
2024-04-28 03:00:00,7,37,0
2024-04-28 04:00:00,16,20,0
2024-04-28 05:00:00,10,21,1
2024-04-28 06:00:00,8,8,1
2024-04-28 07:00:00,7,29,13
2024-04-28 08:00:00,23,63,16
2024-04-28 09:00:00,31,74,10
2024-04-28 10:00:00,85,67,7
2024-04-28 11:00:00,96,98,19
2024-04-28 12:00:00,84,85,21
2024-04-28 13:00:00,109,119,28
2024-04-28 14:00:00,90,133,19
2024-04-28 15:00:00,110,73,25
2024-04-28 16:00:00,81,107,32
2024-04-28 17:00:00,126,86,31
2024-04-28 18:00:00,113,92,29
2024-04-28 19:00:00,100,50,12
2024-04-28 20:00:00,70,56,2
2024-04-28 21:00:00,75,79,10
2024-04-28 22:00:00,31,51,3
2024-04-28 23:00:00,31,23,5
2024-04-29 00:00:00,5,19,0
2024-04-29 01:00:00,3,7,1
2024-04-29 02:00:00,1,12,0
2024-04-29 03:00:00,12,4,0
2024-04-29 04:00:00,8,8,2
2024-04-29 05:00:00,12,21,5
2024-04-29 06:00:00,21,57,19
2024-04-29 07:00:00,79,80,65
2024-04-29 08:00:00,92,141,45
2024-04-29 09:00:00,100,94,23
2024-04-29 10:00:00,111,68,14
2024-04-29 11:00:00,202,97,18
2024-04-29 12:00:00,203,72,26
2024-04-29 13:00:00,152,103,22
2024-04-29 14:00:00,110,77,21
2024-04-29 15:00:00,120,107,26
2024-04-29 16:00:00,163,154,83
2024-04-29 17:00:00,122,116,36
2024-04-29 18:00:00,99,95,19
2024-04-29 19:00:00,114,94,15
2024-04-29 20:00:00,83,105,12
2024-04-29 21:00:00,74,106,15
2024-04-29 22:00:00,66,94,4
2024-04-29 23:00:00,23,51,0
2024-04-30 00:00:00,15,30,3
2024-04-30 01:00:00,9,12,0
2024-04-30 02:00:00,8,13,0
2024-04-30 03:00:00,3,8,0
2024-04-30 04:00:00,1,14,2
2024-04-30 05:00:00,9,24,12
2024-04-30 06:00:00,27,46,27
2024-04-30 07:00:00,64,87,50
2024-04-30 08:00:00,62,94,38
2024-04-30 09:00:00,77,84,17
2024-04-30 10:00:00,103,93,24
2024-04-30 11:00:00,201,76,24
2024-04-30 12:00:00,208,69,31
2024-04-30 13:00:00,144,97,21
2024-04-30 14:00:00,113,80,16
2024-04-30 15:00:00,145,99,25
2024-04-30 16:00:00,190,118,78
2024-04-30 17:00:00,138,119,50
2024-04-30 18:00:00,130,136,23
2024-04-30 19:00:00,108,65,21
2024-04-30 20:00:00,69,88,16
2024-04-30 21:00:00,83,94,3
2024-04-30 22:00:00,68,103,5
2024-04-30 23:00:00,47,70,8
2024-05-01 00:00:00,17,50,0
2024-05-01 01:00:00,15,21,3
2024-05-01 02:00:00,12,22,1
2024-05-01 03:00:00,6,10,1
2024-05-01 04:00:00,7,15,3
2024-05-01 05:00:00,3,16,8
2024-05-01 06:00:00,30,56,22
2024-05-01 07:00:00,72,68,52
2024-05-01 08:00:00,51,108,41
2024-05-01 09:00:00,73,84,27
2024-05-01 10:00:00,143,77,15
2024-05-01 11:00:00,245,86,23
2024-05-01 12:00:00,243,88,39
2024-05-01 13:00:00,119,78,21
2024-05-01 14:00:00,123,87,25
2024-05-01 15:00:00,160,91,41
2024-05-01 16:00:00,130,131,80
2024-05-01 17:00:00,109,121,57
2024-05-01 18:00:00,113,158,26
2024-05-01 19:00:00,96,92,10
2024-05-01 20:00:00,89,145,11
2024-05-01 21:00:00,101,120,5
2024-05-01 22:00:00,71,103,4
2024-05-01 23:00:00,28,83,0
2024-05-02 00:00:00,16,39,0
2024-05-02 01:00:00,28,18,0
2024-05-02 02:00:00,5,21,0
2024-05-02 03:00:00,3,6,0
2024-05-02 04:00:00,2,11,2
2024-05-02 05:00:00,7,21,3
2024-05-02 06:00:00,33,30,21
2024-05-02 07:00:00,73,73,57
2024-05-02 08:00:00,65,85,30
2024-05-02 09:00:00,53,85,10
2024-05-02 10:00:00,102,87,23
2024-05-02 11:00:00,148,95,21
2024-05-02 12:00:00,201,71,20
2024-05-02 13:00:00,133,83,26
2024-05-02 14:00:00,103,73,20
2024-05-02 15:00:00,130,119,33
2024-05-02 16:00:00,167,121,56
2024-05-02 17:00:00,176,188,54
2024-05-02 18:00:00,168,162,28
2024-05-02 19:00:00,157,97,31
2024-05-02 20:00:00,125,132,29
2024-05-02 21:00:00,147,136,12
2024-05-02 22:00:00,88,111,6
2024-05-02 23:00:00,79,120,6
2024-05-03 00:00:00,31,80,2
2024-05-03 01:00:00,69,81,1
2024-05-03 02:00:00,38,49,0
2024-05-03 03:00:00,14,40,0
2024-05-03 04:00:00,3,11,1
2024-05-03 05:00:00,0,30,2
2024-05-03 06:00:00,18,29,13
2024-05-03 07:00:00,55,81,34
2024-05-03 08:00:00,71,96,36
2024-05-03 09:00:00,67,75,10
2024-05-03 10:00:00,96,89,18
2024-05-03 11:00:00,172,94,17
2024-05-03 12:00:00,180,72,24
2024-05-03 13:00:00,134,51,30
2024-05-03 14:00:00,121,64,22
2024-05-03 15:00:00,125,88,29
2024-05-03 16:00:00,215,154,43
2024-05-03 17:00:00,142,168,39
2024-05-03 18:00:00,209,265,29
2024-05-03 19:00:00,151,195,25
2024-05-03 20:00:00,230,224,29
2024-05-03 21:00:00,261,319,19
2024-05-03 22:00:00,246,395,12
2024-05-03 23:00:00,164,330,10
2024-05-04 00:00:00,102,281,3
2024-05-04 01:00:00,40,177,4
2024-05-04 02:00:00,28,61,0
2024-05-04 03:00:00,7,37,2
2024-05-04 04:00:00,8,10,0
2024-05-04 05:00:00,4,27,2
2024-05-04 06:00:00,23,15,1
2024-05-04 07:00:00,31,31,6
2024-05-04 08:00:00,38,34,10
2024-05-04 09:00:00,63,61,20
2024-05-04 10:00:00,70,77,35
2024-05-04 11:00:00,113,88,22
2024-05-04 12:00:00,186,116,28
2024-05-04 13:00:00,220,168,24
2024-05-04 14:00:00,171,157,23
2024-05-04 15:00:00,260,175,31
2024-05-04 16:00:00,259,204,27
2024-05-04 17:00:00,229,261,46
2024-05-04 18:00:00,255,318,31
2024-05-04 19:00:00,279,277,19
2024-05-04 20:00:00,368,292,19
2024-05-04 21:00:00,350,270,17
2024-05-04 22:00:00,289,328,9
2024-05-04 23:00:00,214,331,11
2024-05-05 00:00:00,124,258,6
2024-05-05 01:00:00,93,191,1
2024-05-05 02:00:00,60,82,1
2024-05-05 03:00:00,19,42,0
2024-05-05 04:00:00,8,32,1
2024-05-05 05:00:00,6,14,3
2024-05-05 06:00:00,11,9,3
2024-05-05 07:00:00,14,22,2
2024-05-05 08:00:00,38,31,22
2024-05-05 09:00:00,59,45,15
2024-05-05 10:00:00,89,63,13
2024-05-05 11:00:00,119,93,17
2024-05-05 12:00:00,104,115,24
2024-05-05 13:00:00,70,184,33
2024-05-05 14:00:00,110,198,35
2024-05-05 15:00:00,81,132,14
2024-05-05 16:00:00,123,112,18
2024-05-05 17:00:00,141,154,23
2024-05-05 18:00:00,111,179,18
2024-05-05 19:00:00,108,182,11
2024-05-05 20:00:00,111,155,6
2024-05-05 21:00:00,108,159,3
2024-05-05 22:00:00,126,154,8
2024-05-05 23:00:00,55,164,6
2024-05-06 00:00:00,42,124,5
2024-05-06 01:00:00,14,67,2
2024-05-06 02:00:00,16,40,0
2024-05-06 03:00:00,3,18,1
2024-05-06 04:00:00,1,4,0
2024-05-06 05:00:00,16,8,2
2024-05-06 06:00:00,9,22,4
2024-05-06 07:00:00,27,21,2
2024-05-06 08:00:00,52,41,7
2024-05-06 09:00:00,53,65,18
2024-05-06 10:00:00,75,64,17
2024-05-06 11:00:00,105,70,15
2024-05-06 12:00:00,101,62,16
2024-05-06 13:00:00,129,65,28
2024-05-06 14:00:00,63,77,16
2024-05-06 15:00:00,79,53,28
2024-05-06 16:00:00,81,75,10
2024-05-06 17:00:00,62,107,17
2024-05-06 18:00:00,87,100,12
2024-05-06 19:00:00,70,97,7
2024-05-06 20:00:00,68,107,3
2024-05-06 21:00:00,57,37,1
2024-05-06 22:00:00,49,50,3
2024-05-06 23:00:00,30,70,0
2024-05-07 00:00:00,24,23,0
2024-05-07 01:00:00,3,12,1
2024-05-07 02:00:00,1,18,0
2024-05-07 03:00:00,1,8,0
2024-05-07 04:00:00,6,10,2
2024-05-07 05:00:00,10,17,13
2024-05-07 06:00:00,28,34,20
2024-05-07 07:00:00,76,77,68
2024-05-07 08:00:00,60,92,36
2024-05-07 09:00:00,69,74,29
2024-05-07 10:00:00,96,69,13
2024-05-07 11:00:00,196,59,29
2024-05-07 12:00:00,235,71,31
2024-05-07 13:00:00,143,90,26
2024-05-07 14:00:00,80,92,29
2024-05-07 15:00:00,148,85,46
2024-05-07 16:00:00,214,94,96
2024-05-07 17:00:00,240,107,62
2024-05-07 18:00:00,179,125,46
2024-05-07 19:00:00,166,68,17
2024-05-07 20:00:00,160,84,22
2024-05-07 21:00:00,177,145,21
2024-05-07 22:00:00,106,128,14
2024-05-07 23:00:00,41,98,2
2024-05-08 00:00:00,17,28,0
2024-05-08 01:00:00,10,17,4
2024-05-08 02:00:00,2,8,2
2024-05-08 03:00:00,6,14,1
2024-05-08 04:00:00,5,13,1
2024-05-08 05:00:00,9,20,7
2024-05-08 06:00:00,33,57,24
2024-05-08 07:00:00,58,73,69
2024-05-08 08:00:00,63,100,46
2024-05-08 09:00:00,96,65,31
2024-05-08 10:00:00,126,82,19
2024-05-08 11:00:00,190,80,12
2024-05-08 12:00:00,205,75,32
2024-05-08 13:00:00,114,81,19
2024-05-08 14:00:00,117,57,29
2024-05-08 15:00:00,111,98,41
2024-05-08 16:00:00,184,114,113
2024-05-08 17:00:00,167,97,56
2024-05-08 18:00:00,220,129,62
2024-05-08 19:00:00,127,91,25
2024-05-08 20:00:00,124,91,16
2024-05-08 21:00:00,88,164,25
2024-05-08 22:00:00,81,180,6
2024-05-08 23:00:00,59,108,7
2024-05-09 00:00:00,16,67,1
2024-05-09 01:00:00,21,23,2
2024-05-09 02:00:00,4,13,1
2024-05-09 03:00:00,3,13,0
2024-05-09 04:00:00,4,8,5
2024-05-09 05:00:00,5,19,4
2024-05-09 06:00:00,21,49,30
2024-05-09 07:00:00,76,79,59
2024-05-09 08:00:00,68,75,31
2024-05-09 09:00:00,74,64,25
2024-05-09 10:00:00,132,71,25
2024-05-09 11:00:00,231,71,33
2024-05-09 12:00:00,252,108,36
2024-05-09 13:00:00,153,100,28
2024-05-09 14:00:00,130,118,29
2024-05-09 15:00:00,137,99,38
2024-05-09 16:00:00,197,131,106
2024-05-09 17:00:00,219,146,59
2024-05-09 18:00:00,185,201,64
2024-05-09 19:00:00,182,161,46
2024-05-09 20:00:00,161,137,33
2024-05-09 21:00:00,213,205,34
2024-05-09 22:00:00,165,180,12
2024-05-09 23:00:00,89,183,5
2024-05-10 00:00:00,36,103,0
2024-05-10 01:00:00,41,67,0
2024-05-10 02:00:00,22,26,5
2024-05-10 03:00:00,7,7,2
2024-05-10 04:00:00,9,17,1
2024-05-10 05:00:00,5,19,5
2024-05-10 06:00:00,28,45,21
2024-05-10 07:00:00,54,71,51
2024-05-10 08:00:00,73,63,39
2024-05-10 09:00:00,69,83,15
2024-05-10 10:00:00,157,63,17
2024-05-10 11:00:00,198,60,25
2024-05-10 12:00:00,202,66,31
2024-05-10 13:00:00,140,84,27
2024-05-10 14:00:00,143,96,57
2024-05-10 15:00:00,152,106,59
2024-05-10 16:00:00,198,134,63
2024-05-10 17:00:00,231,225,74
2024-05-10 18:00:00,252,246,56
2024-05-10 19:00:00,220,211,23
2024-05-10 20:00:00,290,208,19
2024-05-10 21:00:00,348,277,18
2024-05-10 22:00:00,314,319,9
2024-05-10 23:00:00,216,343,13
2024-05-11 00:00:00,124,331,8
2024-05-11 01:00:00,60,174,7
2024-05-11 02:00:00,21,55,1
2024-05-11 03:00:00,12,31,3
2024-05-11 04:00:00,5,11,2
2024-05-11 05:00:00,7,17,5
2024-05-11 06:00:00,14,24,2
2024-05-11 07:00:00,23,41,16
2024-05-11 08:00:00,41,64,9
2024-05-11 09:00:00,81,66,18
2024-05-11 10:00:00,89,81,29
2024-05-11 11:00:00,134,102,24
2024-05-11 12:00:00,197,137,18
2024-05-11 13:00:00,227,169,26
2024-05-11 14:00:00,169,146,41
2024-05-11 15:00:00,195,159,25
2024-05-11 16:00:00,248,178,37
2024-05-11 17:00:00,275,239,36
2024-05-11 18:00:00,311,284,25
2024-05-11 19:00:00,332,226,33
2024-05-11 20:00:00,233,210,23
2024-05-11 21:00:00,360,269,28
2024-05-11 22:00:00,319,227,17
2024-05-11 23:00:00,194,246,8
2024-05-12 00:00:00,126,243,0
2024-05-12 01:00:00,71,191,2
2024-05-12 02:00:00,29,100,5
2024-05-12 03:00:00,8,28,5
2024-05-12 04:00:00,5,28,4
2024-05-12 05:00:00,6,15,1
2024-05-12 06:00:00,7,8,3
2024-05-12 07:00:00,21,14,7
2024-05-12 08:00:00,38,38,20
2024-05-12 09:00:00,50,71,16
2024-05-12 10:00:00,65,71,35
2024-05-12 11:00:00,77,62,25
2024-05-12 12:00:00,112,60,19
2024-05-12 13:00:00,132,76,26
2024-05-12 14:00:00,134,84,28
2024-05-12 15:00:00,116,74,35
2024-05-12 16:00:00,122,66,31
2024-05-12 17:00:00,107,81,21
2024-05-12 18:00:00,115,85,26
2024-05-12 19:00:00,101,74,16
2024-05-12 20:00:00,104,77,8
2024-05-12 21:00:00,83,69,15
2024-05-12 22:00:00,46,86,4
2024-05-12 23:00:00,31,54,4
2024-05-13 00:00:00,11,24,3
2024-05-13 01:00:00,8,16,0
2024-05-13 02:00:00,6,5,0
2024-05-13 03:00:00,1,4,0
2024-05-13 04:00:00,3,5,2
2024-05-13 05:00:00,6,22,5
2024-05-13 06:00:00,29,40,25
2024-05-13 07:00:00,74,70,48
2024-05-13 08:00:00,64,77,38
2024-05-13 09:00:00,69,68,14
2024-05-13 10:00:00,117,48,12
2024-05-13 11:00:00,183,64,19
2024-05-13 12:00:00,161,88,28
2024-05-13 13:00:00,110,65,16
2024-05-13 14:00:00,96,51,14
2024-05-13 15:00:00,85,80,34
2024-05-13 16:00:00,96,92,59
2024-05-13 17:00:00,92,111,39
2024-05-13 18:00:00,68,99,22
2024-05-13 19:00:00,67,72,24
2024-05-13 20:00:00,46,63,7
2024-05-13 21:00:00,65,54,6
2024-05-13 22:00:00,34,54,2
2024-05-13 23:00:00,14,38,3
2024-05-14 00:00:00,5,16,0
2024-05-14 01:00:00,1,9,0
2024-05-14 02:00:00,0,12,0
2024-05-14 03:00:00,2,8,0
2024-05-14 04:00:00,4,8,2
2024-05-14 05:00:00,8,12,7
2024-05-14 06:00:00,28,52,22
2024-05-14 07:00:00,74,93,71
2024-05-14 08:00:00,81,50,35
2024-05-14 09:00:00,90,57,24
2024-05-14 10:00:00,113,72,11
2024-05-14 11:00:00,234,104,19
2024-05-14 12:00:00,246,64,28
2024-05-14 13:00:00,112,70,26
2024-05-14 14:00:00,108,66,16
2024-05-14 15:00:00,110,89,38
2024-05-14 16:00:00,146,114,65
2024-05-14 17:00:00,151,113,44
2024-05-14 18:00:00,146,118,28
2024-05-14 19:00:00,121,63,31
2024-05-14 20:00:00,114,61,20
2024-05-14 21:00:00,140,119,16
2024-05-14 22:00:00,125,106,8
2024-05-14 23:00:00,58,76,0
2024-05-15 00:00:00,58,40,0
2024-05-15 01:00:00,14,12,3
2024-05-15 02:00:00,11,20,3
2024-05-15 03:00:00,5,9,0
2024-05-15 04:00:00,8,10,3
2024-05-15 05:00:00,10,10,5
2024-05-15 06:00:00,38,50,25
2024-05-15 07:00:00,68,84,59
2024-05-15 08:00:00,49,95,34
2024-05-15 09:00:00,59,57,19
2024-05-15 10:00:00,82,99,20
2024-05-15 11:00:00,199,95,26
2024-05-15 12:00:00,246,88,45
2024-05-15 13:00:00,112,68,16
2024-05-15 14:00:00,133,85,29
2024-05-15 15:00:00,144,89,40
2024-05-15 16:00:00,151,134,85
2024-05-15 17:00:00,131,118,64
2024-05-15 18:00:00,166,92,40
2024-05-15 19:00:00,120,114,27
2024-05-15 20:00:00,115,60,26
2024-05-15 21:00:00,123,86,22
2024-05-15 22:00:00,119,157,12
2024-05-15 23:00:00,57,120,4
2024-05-16 00:00:00,30,74,2
2024-05-16 01:00:00,25,30,3
2024-05-16 02:00:00,9,22,0
2024-05-16 03:00:00,5,16,0
2024-05-16 04:00:00,1,9,4
2024-05-16 05:00:00,3,13,6
2024-05-16 06:00:00,18,49,28
2024-05-16 07:00:00,81,74,54
2024-05-16 08:00:00,59,74,36
2024-05-16 09:00:00,71,79,33
2024-05-16 10:00:00,112,91,28
2024-05-16 11:00:00,179,86,25
2024-05-16 12:00:00,228,102,31
2024-05-16 13:00:00,84,85,36
2024-05-16 14:00:00,118,82,24
2024-05-16 15:00:00,87,120,34
2024-05-16 16:00:00,138,118,89
2024-05-16 17:00:00,142,161,36
2024-05-16 18:00:00,160,169,37
2024-05-16 19:00:00,129,138,32
2024-05-16 20:00:00,145,94,27
2024-05-16 21:00:00,137,169,22
2024-05-16 22:00:00,120,166,15
2024-05-16 23:00:00,52,131,10
2024-05-17 00:00:00,58,106,1
2024-05-17 01:00:00,42,41,0
2024-05-17 02:00:00,34,41,0
2024-05-17 03:00:00,21,14,1
2024-05-17 04:00:00,5,15,2
2024-05-17 05:00:00,4,17,6
2024-05-17 06:00:00,17,48,24
2024-05-17 07:00:00,71,96,57
2024-05-17 08:00:00,91,108,39
2024-05-17 09:00:00,51,102,23
2024-05-17 10:00:00,108,82,25
2024-05-17 11:00:00,241,83,24
2024-05-17 12:00:00,235,95,40
2024-05-17 13:00:00,134,94,24
2024-05-17 14:00:00,140,110,24
2024-05-17 15:00:00,129,158,57
2024-05-17 16:00:00,169,169,60
2024-05-17 17:00:00,183,201,69
2024-05-17 18:00:00,239,254,48
2024-05-17 19:00:00,195,217,43
2024-05-17 20:00:00,246,230,34
2024-05-17 21:00:00,341,297,33
2024-05-17 22:00:00,312,408,33
2024-05-17 23:00:00,200,367,21
2024-05-18 00:00:00,117,306,12
2024-05-18 01:00:00,48,171,2
2024-05-18 02:00:00,21,77,0
2024-05-18 03:00:00,9,29,0
2024-05-18 04:00:00,8,7,1
2024-05-18 05:00:00,13,10,3
2024-05-18 06:00:00,14,16,4
2024-05-18 07:00:00,36,30,14
2024-05-18 08:00:00,23,60,17
2024-05-18 09:00:00,65,67,25
2024-05-18 10:00:00,103,63,24
2024-05-18 11:00:00,129,81,24
2024-05-18 12:00:00,189,102,28
2024-05-18 13:00:00,158,128,21
2024-05-18 14:00:00,140,156,31
2024-05-18 15:00:00,204,123,25
2024-05-18 16:00:00,145,168,32
2024-05-18 17:00:00,208,250,32
2024-05-18 18:00:00,177,242,32
2024-05-18 19:00:00,272,232,23
2024-05-18 20:00:00,334,220,20
2024-05-18 21:00:00,294,234,24
2024-05-18 22:00:00,149,282,6
2024-05-18 23:00:00,122,261,9
2024-05-19 00:00:00,112,208,7
2024-05-19 01:00:00,28,181,1
2024-05-19 02:00:00,37,90,2
2024-05-19 03:00:00,8,33,2
2024-05-19 04:00:00,9,33,1
2024-05-19 05:00:00,10,44,4
2024-05-19 06:00:00,13,13,3
2024-05-19 07:00:00,23,31,10
2024-05-19 08:00:00,67,7,21
2024-05-19 09:00:00,218,0,56
2024-05-19 10:00:00,233,4,42
2024-05-19 11:00:00,382,3,78
2024-05-19 12:00:00,453,0,63
2024-05-19 13:00:00,428,4,52
2024-05-19 14:00:00,299,62,59
2024-05-19 15:00:00,182,85,49
2024-05-19 16:00:00,151,100,35
2024-05-19 17:00:00,171,113,43
2024-05-19 18:00:00,163,100,36
2024-05-19 19:00:00,140,74,40
2024-05-19 20:00:00,98,82,15
2024-05-19 21:00:00,85,73,8
2024-05-19 22:00:00,59,79,9
2024-05-19 23:00:00,44,81,6
2024-05-20 00:00:00,15,41,3
2024-05-20 01:00:00,16,8,3
2024-05-20 02:00:00,5,9,0
2024-05-20 03:00:00,3,3,0
2024-05-20 04:00:00,2,4,1
2024-05-20 05:00:00,2,16,8
2024-05-20 06:00:00,27,33,21
2024-05-20 07:00:00,76,101,67
2024-05-20 08:00:00,73,77,38
2024-05-20 09:00:00,64,48,24
2024-05-20 10:00:00,82,58,22
2024-05-20 11:00:00,228,56,20
2024-05-20 12:00:00,359,60,33
2024-05-20 13:00:00,200,75,31
2024-05-20 14:00:00,96,65,26
2024-05-20 15:00:00,153,74,51
2024-05-20 16:00:00,152,112,105
2024-05-20 17:00:00,121,66,58
2024-05-20 18:00:00,122,99,39
2024-05-20 19:00:00,97,95,25
2024-05-20 20:00:00,118,65,20
2024-05-20 21:00:00,77,71,10
2024-05-20 22:00:00,84,56,10
2024-05-20 23:00:00,41,70,1
2024-05-21 00:00:00,12,10,0
2024-05-21 01:00:00,21,21,0
2024-05-21 02:00:00,3,6,0
2024-05-21 03:00:00,1,10,0
2024-05-21 04:00:00,3,12,2
2024-05-21 05:00:00,9,30,11
2024-05-21 06:00:00,33,49,25
2024-05-21 07:00:00,75,72,71
2024-05-21 08:00:00,84,90,31
2024-05-21 09:00:00,78,52,23
2024-05-21 10:00:00,86,71,25
2024-05-21 11:00:00,257,83,34
2024-05-21 12:00:00,227,69,33
2024-05-21 13:00:00,128,89,38
2024-05-21 14:00:00,115,84,18
2024-05-21 15:00:00,113,102,38
2024-05-21 16:00:00,146,106,93
2024-05-21 17:00:00,116,115,67
2024-05-21 18:00:00,141,150,36
2024-05-21 19:00:00,105,115,29
2024-05-21 20:00:00,76,85,16
2024-05-21 21:00:00,80,97,18
2024-05-21 22:00:00,50,73,5
2024-05-21 23:00:00,29,54,0
2024-05-22 00:00:00,7,38,0
2024-05-22 01:00:00,14,24,1
2024-05-22 02:00:00,2,16,0
2024-05-22 03:00:00,9,7,0
2024-05-22 04:00:00,2,19,0
2024-05-22 05:00:00,8,23,8
2024-05-22 06:00:00,24,43,19
2024-05-22 07:00:00,38,67,62
2024-05-22 08:00:00,40,114,42
2024-05-22 09:00:00,48,87,13
2024-05-22 10:00:00,96,91,14
2024-05-22 11:00:00,220,82,18
2024-05-22 12:00:00,220,66,24
2024-05-22 13:00:00,115,112,13
2024-05-22 14:00:00,69,88,20
2024-05-22 15:00:00,81,96,43
2024-05-22 16:00:00,126,102,66
2024-05-22 17:00:00,122,156,46
2024-05-22 18:00:00,120,112,41
2024-05-22 19:00:00,104,92,31
2024-05-22 20:00:00,88,92,21
2024-05-22 21:00:00,97,126,16
2024-05-22 22:00:00,74,110,7
2024-05-22 23:00:00,31,94,2
2024-05-23 00:00:00,21,30,6
2024-05-23 01:00:00,18,33,9
2024-05-23 02:00:00,7,7,0
2024-05-23 03:00:00,9,13,1
2024-05-23 04:00:00,2,13,1
2024-05-23 05:00:00,6,16,3
2024-05-23 06:00:00,19,55,20
2024-05-23 07:00:00,63,55,60
2024-05-23 08:00:00,51,82,41
2024-05-23 09:00:00,70,61,24
2024-05-23 10:00:00,86,71,22
2024-05-23 11:00:00,174,79,35
2024-05-23 12:00:00,206,89,29
2024-05-23 13:00:00,170,95,12
2024-05-23 14:00:00,169,67,23
2024-05-23 15:00:00,94,92,43
2024-05-23 16:00:00,136,123,71
2024-05-23 17:00:00,129,188,52
2024-05-23 18:00:00,114,140,35
2024-05-23 19:00:00,132,133,29
2024-05-23 20:00:00,127,112,43
2024-05-23 21:00:00,181,128,19
2024-05-23 22:00:00,143,174,7
2024-05-23 23:00:00,83,143,4
2024-05-24 00:00:00,47,115,4
2024-05-24 01:00:00,29,64,1
2024-05-24 02:00:00,13,17,2
2024-05-24 03:00:00,1,11,0
2024-05-24 04:00:00,10,9,6
2024-05-24 05:00:00,3,20,2
2024-05-24 06:00:00,19,29,14
2024-05-24 07:00:00,82,63,33
2024-05-24 08:00:00,108,63,29
2024-05-24 09:00:00,114,76,13
2024-05-24 10:00:00,185,67,21
2024-05-24 11:00:00,329,83,38
2024-05-24 12:00:00,300,53,15
2024-05-24 13:00:00,102,83,19
2024-05-24 14:00:00,100,81,31
2024-05-24 15:00:00,121,93,42
2024-05-24 16:00:00,136,147,58
2024-05-24 17:00:00,211,172,43
2024-05-24 18:00:00,223,229,61
2024-05-24 19:00:00,265,239,39
2024-05-24 20:00:00,268,188,24
2024-05-24 21:00:00,289,257,34
2024-05-24 22:00:00,218,306,25
2024-05-24 23:00:00,150,361,21
2024-05-25 00:00:00,103,308,5
2024-05-25 01:00:00,45,145,5
2024-05-25 02:00:00,20,38,2
2024-05-25 03:00:00,10,22,2
2024-05-25 04:00:00,7,14,1
2024-05-25 05:00:00,9,9,4
2024-05-25 06:00:00,19,23,4
2024-05-25 07:00:00,20,36,6
2024-05-25 08:00:00,48,26,10
2024-05-25 09:00:00,77,62,18
2024-05-25 10:00:00,110,82,37
2024-05-25 11:00:00,159,131,28
2024-05-25 12:00:00,205,146,46
2024-05-25 13:00:00,302,192,21
2024-05-25 14:00:00,237,163,35
2024-05-25 15:00:00,188,130,32
2024-05-25 16:00:00,265,159,35
2024-05-25 17:00:00,240,159,31
2024-05-25 18:00:00,289,240,41
2024-05-25 19:00:00,210,185,21
2024-05-25 20:00:00,164,224,19
2024-05-25 21:00:00,164,251,21
2024-05-25 22:00:00,160,218,10
2024-05-25 23:00:00,104,188,4
2024-05-26 00:00:00,47,272,4
2024-05-26 01:00:00,36,197,1
2024-05-26 02:00:00,13,64,1
2024-05-26 03:00:00,8,8,0
2024-05-26 04:00:00,9,17,3
2024-05-26 05:00:00,4,9,1
2024-05-26 06:00:00,12,15,3
2024-05-26 07:00:00,21,19,2
2024-05-26 08:00:00,38,25,9
2024-05-26 09:00:00,48,64,5
2024-05-26 10:00:00,74,104,13
2024-05-26 11:00:00,65,124,10
2024-05-26 12:00:00,70,175,15
2024-05-26 13:00:00,115,160,16
2024-05-26 14:00:00,144,168,22
2024-05-26 15:00:00,117,133,17
2024-05-26 16:00:00,133,131,22
2024-05-26 17:00:00,110,119,17
2024-05-26 18:00:00,177,142,21
2024-05-26 19:00:00,154,137,13
2024-05-26 20:00:00,119,117,9
2024-05-26 21:00:00,102,168,11
2024-05-26 22:00:00,101,152,6
2024-05-26 23:00:00,133,140,7
2024-05-27 00:00:00,36,143,6
2024-05-27 01:00:00,18,87,5
2024-05-27 02:00:00,16,28,0
2024-05-27 03:00:00,2,13,0
2024-05-27 04:00:00,2,5,2
2024-05-27 05:00:00,4,5,1
2024-05-27 06:00:00,11,18,2
2024-05-27 07:00:00,30,11,8
2024-05-27 08:00:00,33,37,7
2024-05-27 09:00:00,61,55,17
2024-05-27 10:00:00,53,69,22
2024-05-27 11:00:00,109,82,19
2024-05-27 12:00:00,93,68,33
2024-05-27 13:00:00,126,97,21
2024-05-27 14:00:00,116,63,26
2024-05-27 15:00:00,126,63,22
2024-05-27 16:00:00,96,62,27
2024-05-27 17:00:00,139,93,18
2024-05-27 18:00:00,96,88,18
2024-05-27 19:00:00,115,96,15
2024-05-27 20:00:00,69,43,8
2024-05-27 21:00:00,82,93,23
2024-05-27 22:00:00,60,92,5
2024-05-27 23:00:00,27,78,2
2024-05-28 00:00:00,24,34,1
2024-05-28 01:00:00,9,15,3
2024-05-28 02:00:00,2,4,0
2024-05-28 03:00:00,0,9,0
2024-05-28 04:00:00,3,12,2
2024-05-28 05:00:00,4,32,7
2024-05-28 06:00:00,26,50,9
2024-05-28 07:00:00,54,85,41
2024-05-28 08:00:00,48,101,30
2024-05-28 09:00:00,50,52,5
2024-05-28 10:00:00,87,70,19
2024-05-28 11:00:00,327,65,17
2024-05-28 12:00:00,396,82,13
2024-05-28 13:00:00,130,83,21
2024-05-28 14:00:00,103,79,15
2024-05-28 15:00:00,118,92,31
2024-05-28 16:00:00,165,106,50
2024-05-28 17:00:00,112,141,43
2024-05-28 18:00:00,88,117,30
2024-05-28 19:00:00,64,92,17
2024-05-28 20:00:00,81,69,11
2024-05-28 21:00:00,93,93,9
2024-05-28 22:00:00,65,98,6
2024-05-28 23:00:00,49,74,5
2024-05-29 00:00:00,18,28,1
2024-05-29 01:00:00,24,19,1
2024-05-29 02:00:00,17,12,1
2024-05-29 03:00:00,3,14,0
2024-05-29 04:00:00,4,17,4
2024-05-29 05:00:00,12,29,5
2024-05-29 06:00:00,22,43,16
2024-05-29 07:00:00,52,66,55
2024-05-29 08:00:00,59,80,35
2024-05-29 09:00:00,64,70,20
2024-05-29 10:00:00,97,75,20
2024-05-29 11:00:00,219,93,17
2024-05-29 12:00:00,203,82,29
2024-05-29 13:00:00,141,90,18
2024-05-29 14:00:00,239,81,21
2024-05-29 15:00:00,150,78,38
2024-05-29 16:00:00,203,107,100
2024-05-29 17:00:00,153,95,47
2024-05-29 18:00:00,126,138,30
2024-05-29 19:00:00,137,76,32
2024-05-29 20:00:00,158,70,20
2024-05-29 21:00:00,129,117,16
2024-05-29 22:00:00,111,135,7
2024-05-29 23:00:00,66,98,3
2024-05-30 00:00:00,18,63,1
2024-05-30 01:00:00,24,24,3
2024-05-30 02:00:00,11,19,0
2024-05-30 03:00:00,4,7,1
2024-05-30 04:00:00,2,12,2
2024-05-30 05:00:00,4,14,4
2024-05-30 06:00:00,22,39,11
2024-05-30 07:00:00,89,70,45
2024-05-30 08:00:00,92,78,31
2024-05-30 09:00:00,116,71,17
2024-05-30 10:00:00,105,95,17
2024-05-30 11:00:00,210,101,18
2024-05-30 12:00:00,226,95,31
2024-05-30 13:00:00,132,113,14
2024-05-30 14:00:00,160,83,34
2024-05-30 15:00:00,178,109,39
2024-05-30 16:00:00,183,140,55
2024-05-30 17:00:00,152,119,43
2024-05-30 18:00:00,128,149,31
2024-05-30 19:00:00,144,108,34
2024-05-30 20:00:00,134,83,32
2024-05-30 21:00:00,151,180,13
2024-05-30 22:00:00,156,140,4
2024-05-30 23:00:00,110,171,9
2024-05-31 00:00:00,45,106,1
2024-05-31 01:00:00,36,58,4
2024-05-31 02:00:00,28,22,1
2024-05-31 03:00:00,5,14,1
2024-05-31 04:00:00,3,10,2
2024-05-31 05:00:00,13,25,7
2024-05-31 06:00:00,29,40,15
2024-05-31 07:00:00,95,68,43
2024-05-31 08:00:00,74,75,29
2024-05-31 09:00:00,207,65,22
2024-05-31 10:00:00,94,65,33
2024-05-31 11:00:00,216,83,21
2024-05-31 12:00:00,186,86,35
2024-05-31 13:00:00,161,106,28
2024-05-31 14:00:00,129,104,47
2024-05-31 15:00:00,134,133,42
2024-05-31 16:00:00,163,154,35
2024-05-31 17:00:00,200,173,48
2024-05-31 18:00:00,257,249,70
2024-05-31 19:00:00,325,237,27
2024-05-31 20:00:00,253,206,21
2024-05-31 21:00:00,308,247,25
2024-05-31 22:00:00,222,320,3
2024-05-31 23:00:00,207,334,22
2024-06-01 00:00:00,145,310,6
2024-06-01 01:00:00,67,187,3
2024-06-01 02:00:00,42,41,0
2024-06-01 03:00:00,24,21,0
2024-06-01 04:00:00,10,16,0
2024-06-01 05:00:00,4,19,4
2024-06-01 06:00:00,9,21,7
2024-06-01 07:00:00,22,26,12
2024-06-01 08:00:00,46,49,17
2024-06-01 09:00:00,63,65,17
2024-06-01 10:00:00,98,103,30
2024-06-01 11:00:00,178,126,24
2024-06-01 12:00:00,155,131,19
2024-06-01 13:00:00,222,162,30
2024-06-01 14:00:00,133,184,37
2024-06-01 15:00:00,167,192,29
2024-06-01 16:00:00,202,206,27
2024-06-01 17:00:00,281,205,29
2024-06-01 18:00:00,214,245,28
2024-06-01 19:00:00,185,258,10
2024-06-01 20:00:00,161,194,17
2024-06-01 21:00:00,341,265,22
2024-06-01 22:00:00,255,362,12
2024-06-01 23:00:00,230,337,4
2024-06-02 00:00:00,127,300,3
2024-06-02 01:00:00,60,180,7
2024-06-02 02:00:00,46,104,4
2024-06-02 03:00:00,22,48,1
2024-06-02 04:00:00,14,19,1
2024-06-02 05:00:00,3,14,2
2024-06-02 06:00:00,9,17,1
2024-06-02 07:00:00,8,12,4
2024-06-02 08:00:00,44,38,5
2024-06-02 09:00:00,39,49,20
2024-06-02 10:00:00,83,62,23
2024-06-02 11:00:00,78,77,33
2024-06-02 12:00:00,144,90,40
2024-06-02 13:00:00,124,81,27
2024-06-02 14:00:00,136,94,40
2024-06-02 15:00:00,105,62,54
2024-06-02 16:00:00,106,79,38
2024-06-02 17:00:00,108,80,24
2024-06-02 18:00:00,91,88,29
2024-06-02 19:00:00,114,76,23
2024-06-02 20:00:00,97,54,15
2024-06-02 21:00:00,79,76,12
2024-06-02 22:00:00,66,69,6
2024-06-02 23:00:00,72,43,6
2024-06-03 00:00:00,21,23,2
2024-06-03 01:00:00,4,10,0
2024-06-03 02:00:00,9,9,0
2024-06-03 03:00:00,2,4,3
2024-06-03 04:00:00,3,5,1
2024-06-03 05:00:00,6,20,5
2024-06-03 06:00:00,27,47,19
2024-06-03 07:00:00,61,74,64
2024-06-03 08:00:00,61,83,44
2024-06-03 09:00:00,80,60,26
2024-06-03 10:00:00,61,69,19
2024-06-03 11:00:00,176,85,26
2024-06-03 12:00:00,195,63,32
2024-06-03 13:00:00,120,73,16
2024-06-03 14:00:00,103,73,25
2024-06-03 15:00:00,101,73,43
2024-06-03 16:00:00,118,85,85
2024-06-03 17:00:00,137,96,58
2024-06-03 18:00:00,103,79,43
2024-06-03 19:00:00,84,77,27
2024-06-03 20:00:00,125,69,16
2024-06-03 21:00:00,119,75,16
2024-06-03 22:00:00,100,96,9
2024-06-03 23:00:00,51,48,12
2024-06-04 00:00:00,27,24,0
2024-06-04 01:00:00,15,24,1
2024-06-04 02:00:00,9,6,0
2024-06-04 03:00:00,5,7,0
2024-06-04 04:00:00,6,11,1
2024-06-04 05:00:00,10,26,14
2024-06-04 06:00:00,23,39,19
2024-06-04 07:00:00,61,86,71
2024-06-04 08:00:00,54,100,44
2024-06-04 09:00:00,53,68,22
2024-06-04 10:00:00,111,90,17
2024-06-04 11:00:00,214,68,21
2024-06-04 12:00:00,193,76,21
2024-06-04 13:00:00,116,87,21
2024-06-04 14:00:00,94,66,28
2024-06-04 15:00:00,94,101,38
2024-06-04 16:00:00,152,116,65
2024-06-04 17:00:00,104,115,66
2024-06-04 18:00:00,125,122,38
2024-06-04 19:00:00,59,114,18
2024-06-04 20:00:00,88,71,16
2024-06-04 21:00:00,84,108,9
2024-06-04 22:00:00,83,99,12
2024-06-04 23:00:00,52,84,9
2024-06-05 00:00:00,13,50,4
2024-06-05 01:00:00,23,10,0
2024-06-05 02:00:00,5,19,2
2024-06-05 03:00:00,4,13,1
2024-06-05 04:00:00,6,11,1
2024-06-05 05:00:00,7,27,5
2024-06-05 06:00:00,21,49,27
2024-06-05 07:00:00,63,78,58
2024-06-05 08:00:00,46,75,43
2024-06-05 09:00:00,57,72,27
2024-06-05 10:00:00,79,66,22
2024-06-05 11:00:00,250,93,21
2024-06-05 12:00:00,201,69,29
2024-06-05 13:00:00,155,86,18
2024-06-05 14:00:00,107,87,24
2024-06-05 15:00:00,96,97,47
2024-06-05 16:00:00,139,122,78
2024-06-05 17:00:00,126,113,44
2024-06-05 18:00:00,118,174,44
2024-06-05 19:00:00,108,102,38
2024-06-05 20:00:00,128,79,31
2024-06-05 21:00:00,67,123,19
2024-06-05 22:00:00,77,129,7
2024-06-05 23:00:00,41,125,8
2024-06-06 00:00:00,26,42,6
2024-06-06 01:00:00,9,18,0
2024-06-06 02:00:00,14,11,1
2024-06-06 03:00:00,4,10,0
2024-06-06 04:00:00,3,19,3
2024-06-06 05:00:00,3,15,4
2024-06-06 06:00:00,17,44,26
2024-06-06 07:00:00,55,84,46
2024-06-06 08:00:00,38,104,40
2024-06-06 09:00:00,86,82,24
2024-06-06 10:00:00,69,82,20
2024-06-06 11:00:00,190,93,29
2024-06-06 12:00:00,228,100,34
2024-06-06 13:00:00,141,66,25
2024-06-06 14:00:00,115,81,27
2024-06-06 15:00:00,107,120,39
2024-06-06 16:00:00,128,129,77
2024-06-06 17:00:00,129,152,29
2024-06-06 18:00:00,142,155,41
2024-06-06 19:00:00,101,141,27
2024-06-06 20:00:00,138,85,31
2024-06-06 21:00:00,109,167,31
2024-06-06 22:00:00,113,163,10
2024-06-06 23:00:00,93,144,9
2024-06-07 00:00:00,38,118,4
2024-06-07 01:00:00,15,107,2
2024-06-07 02:00:00,23,37,0
2024-06-07 03:00:00,4,16,0
2024-06-07 04:00:00,5,12,3
2024-06-07 05:00:00,7,22,5
2024-06-07 06:00:00,26,33,16
2024-06-07 07:00:00,41,71,41
2024-06-07 08:00:00,38,91,36
2024-06-07 09:00:00,62,73,24
2024-06-07 10:00:00,80,101,25
2024-06-07 11:00:00,197,85,21
2024-06-07 12:00:00,165,90,22
2024-06-07 13:00:00,120,93,30
2024-06-07 14:00:00,104,97,31
2024-06-07 15:00:00,85,101,33
2024-06-07 16:00:00,137,140,44
2024-06-07 17:00:00,144,205,46
2024-06-07 18:00:00,128,238,42
2024-06-07 19:00:00,138,196,24
2024-06-07 20:00:00,221,188,18
2024-06-07 21:00:00,249,251,27
2024-06-07 22:00:00,216,356,10
2024-06-07 23:00:00,136,352,21
2024-06-08 00:00:00,94,290,5
2024-06-08 01:00:00,43,164,2
2024-06-08 02:00:00,16,68,2
2024-06-08 03:00:00,9,32,2
2024-06-08 04:00:00,4,14,1
2024-06-08 05:00:00,7,18,4
2024-06-08 06:00:00,10,11,2
2024-06-08 07:00:00,14,23,7
2024-06-08 08:00:00,39,49,12
2024-06-08 09:00:00,64,71,21
2024-06-08 10:00:00,117,79,27
2024-06-08 11:00:00,116,105,36
2024-06-08 12:00:00,157,120,28
2024-06-08 13:00:00,195,161,21
2024-06-08 14:00:00,206,144,22
2024-06-08 15:00:00,199,156,26
2024-06-08 16:00:00,163,201,27
2024-06-08 17:00:00,185,287,15
2024-06-08 18:00:00,228,266,27
2024-06-08 19:00:00,203,204,22
2024-06-08 20:00:00,219,179,20
2024-06-08 21:00:00,244,323,21
2024-06-08 22:00:00,311,284,7
2024-06-08 23:00:00,211,273,6
2024-06-09 00:00:00,108,287,5
2024-06-09 01:00:00,45,190,5
2024-06-09 02:00:00,28,75,0
2024-06-09 03:00:00,10,36,2
2024-06-09 04:00:00,2,19,2
2024-06-09 05:00:00,7,11,1
2024-06-09 06:00:00,7,19,4
2024-06-09 07:00:00,9,24,8
2024-06-09 08:00:00,21,18,15
2024-06-09 09:00:00,42,59,14
2024-06-09 10:00:00,63,94,21
2024-06-09 11:00:00,60,96,29
2024-06-09 12:00:00,69,98,21
2024-06-09 13:00:00,77,71,52
2024-06-09 14:00:00,86,99,27
2024-06-09 15:00:00,92,113,29
2024-06-09 16:00:00,85,80,20
2024-06-09 17:00:00,59,116,16
2024-06-09 18:00:00,88,112,23
2024-06-09 19:00:00,58,71,6
2024-06-09 20:00:00,39,65,19
2024-06-09 21:00:00,58,116,9
2024-06-09 22:00:00,39,109,2
2024-06-09 23:00:00,18,65,2
2024-06-10 00:00:00,10,11,0
2024-06-10 01:00:00,2,20,1
2024-06-10 02:00:00,7,19,0
2024-06-10 03:00:00,0,10,0
2024-06-10 04:00:00,3,7,4
2024-06-10 05:00:00,5,12,3
2024-06-10 06:00:00,18,37,20
2024-06-10 07:00:00,47,69,53
2024-06-10 08:00:00,33,64,38
2024-06-10 09:00:00,72,48,29
2024-06-10 10:00:00,56,52,17
2024-06-10 11:00:00,199,47,23
2024-06-10 12:00:00,233,26,22
2024-06-10 13:00:00,191,40,20
2024-06-10 14:00:00,97,53,17
2024-06-10 15:00:00,92,71,42
2024-06-10 16:00:00,88,114,77
2024-06-10 17:00:00,95,103,40
2024-06-10 18:00:00,82,98,30
2024-06-10 19:00:00,65,78,23
2024-06-10 20:00:00,64,48,21
2024-06-10 21:00:00,50,87,12
2024-06-10 22:00:00,56,54,7
2024-06-10 23:00:00,41,42,2
2024-06-11 00:00:00,8,52,0
2024-06-11 01:00:00,7,13,4
2024-06-11 02:00:00,2,11,3
2024-06-11 03:00:00,5,13,0
2024-06-11 04:00:00,5,10,3
2024-06-11 05:00:00,8,23,12
2024-06-11 06:00:00,22,41,24
2024-06-11 07:00:00,56,80,62
2024-06-11 08:00:00,57,77,40
2024-06-11 09:00:00,69,65,11
2024-06-11 10:00:00,85,75,15
2024-06-11 11:00:00,178,92,22
2024-06-11 12:00:00,324,81,32
2024-06-11 13:00:00,104,59,22
2024-06-11 14:00:00,66,70,24
2024-06-11 15:00:00,72,82,48
2024-06-11 16:00:00,112,140,79
2024-06-11 17:00:00,133,160,44
2024-06-11 18:00:00,93,99,36
2024-06-11 19:00:00,75,82,25
2024-06-11 20:00:00,64,84,18
2024-06-11 21:00:00,83,80,13
2024-06-11 22:00:00,62,84,8
2024-06-11 23:00:00,51,90,10
2024-06-12 00:00:00,13,31,1
2024-06-12 01:00:00,13,22,4
2024-06-12 02:00:00,11,18,0
2024-06-12 03:00:00,4,6,0
2024-06-12 04:00:00,3,5,4
2024-06-12 05:00:00,5,14,5
2024-06-12 06:00:00,28,35,20
2024-06-12 07:00:00,88,73,52
2024-06-12 08:00:00,111,115,46
2024-06-12 09:00:00,72,56,31
2024-06-12 10:00:00,93,52,24
2024-06-12 11:00:00,209,87,22
2024-06-12 12:00:00,233,87,23
2024-06-12 13:00:00,136,81,16
2024-06-12 14:00:00,103,54,48
2024-06-12 15:00:00,82,89,44
2024-06-12 16:00:00,138,146,73
2024-06-12 17:00:00,133,123,60
2024-06-12 18:00:00,128,145,33
2024-06-12 19:00:00,110,99,26
2024-06-12 20:00:00,105,68,15
2024-06-12 21:00:00,108,153,19
2024-06-12 22:00:00,48,113,5
2024-06-12 23:00:00,40,125,1
2024-06-13 00:00:00,12,55,2
2024-06-13 01:00:00,8,30,0
2024-06-13 02:00:00,13,20,1
2024-06-13 03:00:00,3,4,0
2024-06-13 04:00:00,4,8,1
2024-06-13 05:00:00,12,26,5
2024-06-13 06:00:00,32,42,18
2024-06-13 07:00:00,89,92,40
2024-06-13 08:00:00,72,90,32
2024-06-13 09:00:00,75,72,23
2024-06-13 10:00:00,77,79,17
2024-06-13 11:00:00,252,107,14
2024-06-13 12:00:00,192,107,23
2024-06-13 13:00:00,117,109,12
2024-06-13 14:00:00,97,94,19
2024-06-13 15:00:00,90,109,13
2024-06-13 16:00:00,144,151,54
2024-06-13 17:00:00,136,249,41
2024-06-13 18:00:00,89,253,24
2024-06-13 19:00:00,83,119,22
2024-06-13 20:00:00,72,119,4
2024-06-13 21:00:00,94,162,12
2024-06-13 22:00:00,46,154,2
2024-06-13 23:00:00,49,83,1
2024-06-14 00:00:00,30,83,3
2024-06-14 01:00:00,14,66,2
2024-06-14 02:00:00,7,10,1
2024-06-14 03:00:00,3,3,0
2024-06-14 04:00:00,3,14,2
2024-06-14 05:00:00,1,13,3
2024-06-14 06:00:00,29,41,12
2024-06-14 07:00:00,50,44,31
2024-06-14 08:00:00,71,80,27
2024-06-14 09:00:00,76,82,19
2024-06-14 10:00:00,88,76,17
2024-06-14 11:00:00,137,67,18
2024-06-14 12:00:00,119,81,17
2024-06-14 13:00:00,94,90,23
2024-06-14 14:00:00,83,90,26
2024-06-14 15:00:00,80,118,37
2024-06-14 16:00:00,139,158,44
2024-06-14 17:00:00,114,281,35
2024-06-14 18:00:00,127,268,30
2024-06-14 19:00:00,80,167,18
2024-06-14 20:00:00,117,100,13
2024-06-14 21:00:00,110,351,20
2024-06-14 22:00:00,81,262,12
2024-06-14 23:00:00,56,287,9
2024-06-15 00:00:00,42,234,6
2024-06-15 01:00:00,24,112,2
2024-06-15 02:00:00,7,49,3
2024-06-15 03:00:00,5,16,1
2024-06-15 04:00:00,5,11,1
2024-06-15 05:00:00,7,8,4
2024-06-15 06:00:00,14,19,4
2024-06-15 07:00:00,19,31,12
2024-06-15 08:00:00,24,75,10
2024-06-15 09:00:00,34,83,11
2024-06-15 10:00:00,54,136,29
2024-06-15 11:00:00,99,179,19
2024-06-15 12:00:00,122,134,23
2024-06-15 13:00:00,143,150,25
2024-06-15 14:00:00,203,214,19
2024-06-15 15:00:00,141,158,19
2024-06-15 16:00:00,197,208,23
2024-06-15 17:00:00,212,278,23
2024-06-15 18:00:00,162,339,17
2024-06-15 19:00:00,119,277,18
2024-06-15 20:00:00,120,165,4
2024-06-15 21:00:00,260,268,13
2024-06-15 22:00:00,155,266,8
2024-06-15 23:00:00,127,234,7
2024-06-16 00:00:00,75,237,6
2024-06-16 01:00:00,23,108,1
2024-06-16 02:00:00,17,78,1
2024-06-16 03:00:00,11,45,0
2024-06-16 04:00:00,2,14,0
2024-06-16 05:00:00,9,14,2
2024-06-16 06:00:00,16,21,5
2024-06-16 07:00:00,12,27,6
2024-06-16 08:00:00,22,39,3
2024-06-16 09:00:00,43,62,3
2024-06-16 10:00:00,56,65,15
2024-06-16 11:00:00,112,165,48
2024-06-16 12:00:00,93,100,16
2024-06-16 13:00:00,109,93,26
2024-06-16 14:00:00,97,125,33
2024-06-16 15:00:00,155,123,41
2024-06-16 16:00:00,95,77,32
2024-06-16 17:00:00,119,123,23
2024-06-16 18:00:00,104,149,36
2024-06-16 19:00:00,72,87,17
2024-06-16 20:00:00,62,56,18
2024-06-16 21:00:00,127,130,42
2024-06-16 22:00:00,58,98,6
2024-06-16 23:00:00,29,44,5
2024-06-17 00:00:00,18,28,5
2024-06-17 01:00:00,4,30,1
2024-06-17 02:00:00,8,10,0
2024-06-17 03:00:00,1,12,0
2024-06-17 04:00:00,2,5,0
2024-06-17 05:00:00,5,20,6
2024-06-17 06:00:00,19,37,24
2024-06-17 07:00:00,57,72,50
2024-06-17 08:00:00,52,66,35
2024-06-17 09:00:00,40,57,20
2024-06-17 10:00:00,70,74,17
2024-06-17 11:00:00,158,84,27
2024-06-17 12:00:00,186,62,19
2024-06-17 13:00:00,96,65,10
2024-06-17 14:00:00,104,88,20
2024-06-17 15:00:00,100,82,32
2024-06-17 16:00:00,130,111,87
2024-06-17 17:00:00,93,75,50
2024-06-17 18:00:00,78,82,43
2024-06-17 19:00:00,64,76,25
2024-06-17 20:00:00,110,69,15
2024-06-17 21:00:00,51,101,13
2024-06-17 22:00:00,39,74,6
2024-06-17 23:00:00,21,47,4
2024-06-18 00:00:00,3,32,2
2024-06-18 01:00:00,7,8,0
2024-06-18 02:00:00,2,10,0
2024-06-18 03:00:00,3,11,0
2024-06-18 04:00:00,1,7,1
2024-06-18 05:00:00,9,16,6
2024-06-18 06:00:00,32,45,24
2024-06-18 07:00:00,41,45,45
2024-06-18 08:00:00,49,86,55
2024-06-18 09:00:00,75,63,16
2024-06-18 10:00:00,83,78,26
2024-06-18 11:00:00,191,81,17
2024-06-18 12:00:00,199,74,28
2024-06-18 13:00:00,97,82,23
2024-06-18 14:00:00,99,86,21
2024-06-18 15:00:00,88,106,50
2024-06-18 16:00:00,127,113,74
2024-06-18 17:00:00,119,133,71
2024-06-18 18:00:00,103,113,51
2024-06-18 19:00:00,68,68,27
2024-06-18 20:00:00,70,64,33
2024-06-18 21:00:00,73,105,17
2024-06-18 22:00:00,48,66,10
2024-06-18 23:00:00,39,43,4
2024-06-19 00:00:00,14,69,3
2024-06-19 01:00:00,9,43,2
2024-06-19 02:00:00,3,7,0
2024-06-19 03:00:00,9,4,0
2024-06-19 04:00:00,3,10,2
2024-06-19 05:00:00,10,14,8
2024-06-19 06:00:00,36,43,23
2024-06-19 07:00:00,63,64,53
2024-06-19 08:00:00,40,72,41
2024-06-19 09:00:00,86,60,26
2024-06-19 10:00:00,62,84,9
2024-06-19 11:00:00,221,76,23
2024-06-19 12:00:00,160,96,34
2024-06-19 13:00:00,112,70,23
2024-06-19 14:00:00,81,81,23
2024-06-19 15:00:00,89,97,40
2024-06-19 16:00:00,105,117,89
2024-06-19 17:00:00,97,137,70
2024-06-19 18:00:00,100,164,59
2024-06-19 19:00:00,78,110,28
2024-06-19 20:00:00,68,90,30
2024-06-19 21:00:00,114,138,26
2024-06-19 22:00:00,72,116,13
2024-06-19 23:00:00,71,112,3
2024-06-20 00:00:00,8,54,2
2024-06-20 01:00:00,6,14,0
2024-06-20 02:00:00,6,7,4
2024-06-20 03:00:00,2,17,0
2024-06-20 04:00:00,6,10,1
2024-06-20 05:00:00,11,16,5
2024-06-20 06:00:00,32,40,24
2024-06-20 07:00:00,50,86,43
2024-06-20 08:00:00,61,107,39
2024-06-20 09:00:00,56,95,18
2024-06-20 10:00:00,73,73,20
2024-06-20 11:00:00,166,81,21
2024-06-20 12:00:00,176,87,35
2024-06-20 13:00:00,64,98,26
2024-06-20 14:00:00,122,79,35
2024-06-20 15:00:00,168,128,56
2024-06-20 16:00:00,146,162,78
2024-06-20 17:00:00,101,176,52
2024-06-20 18:00:00,244,232,55
2024-06-20 19:00:00,167,180,29
2024-06-20 20:00:00,161,127,38
2024-06-20 21:00:00,188,174,25
2024-06-20 22:00:00,88,182,13
2024-06-20 23:00:00,66,173,10
2024-06-21 00:00:00,35,85,7
2024-06-21 01:00:00,56,57,2
2024-06-21 02:00:00,19,19,0
2024-06-21 03:00:00,3,17,1
2024-06-21 04:00:00,22,8,3
2024-06-21 05:00:00,10,22,6
2024-06-21 06:00:00,40,39,14
2024-06-21 07:00:00,58,77,56
2024-06-21 08:00:00,57,63,18
2024-06-21 09:00:00,63,77,21
2024-06-21 10:00:00,86,99,20
2024-06-21 11:00:00,180,84,29
2024-06-21 12:00:00,246,72,33
2024-06-21 13:00:00,94,85,36
2024-06-21 14:00:00,99,119,22
2024-06-21 15:00:00,94,115,56
2024-06-21 16:00:00,97,185,50
2024-06-21 17:00:00,113,145,45
2024-06-21 18:00:00,123,260,32
2024-06-21 19:00:00,112,180,18
2024-06-21 20:00:00,115,170,16
2024-06-21 21:00:00,147,329,17
2024-06-21 22:00:00,138,377,7
2024-06-21 23:00:00,78,292,7
2024-06-22 00:00:00,68,221,6
2024-06-22 01:00:00,22,128,2
2024-06-22 02:00:00,10,62,4
2024-06-22 03:00:00,5,23,0
2024-06-22 04:00:00,5,15,0
2024-06-22 05:00:00,19,9,2
2024-06-22 06:00:00,7,12,6
2024-06-22 07:00:00,23,31,10
2024-06-22 08:00:00,28,34,14
2024-06-22 09:00:00,52,73,25
2024-06-22 10:00:00,88,76,32
2024-06-22 11:00:00,99,89,45
2024-06-22 12:00:00,158,178,23
2024-06-22 13:00:00,120,160,26
2024-06-22 14:00:00,151,124,20
2024-06-22 15:00:00,179,145,29
2024-06-22 16:00:00,156,176,28
2024-06-22 17:00:00,170,206,25
2024-06-22 18:00:00,193,290,22
2024-06-22 19:00:00,203,256,18
2024-06-22 20:00:00,192,248,13
2024-06-22 21:00:00,283,290,15
2024-06-22 22:00:00,204,190,15
2024-06-22 23:00:00,153,307,10
2024-06-23 00:00:00,105,303,6
2024-06-23 01:00:00,57,174,2
2024-06-23 02:00:00,35,74,0
2024-06-23 03:00:00,7,28,4
2024-06-23 04:00:00,10,15,1
2024-06-23 05:00:00,4,7,1
2024-06-23 06:00:00,4,8,1
2024-06-23 07:00:00,12,29,8
2024-06-23 08:00:00,41,39,4
2024-06-23 09:00:00,49,44,26
2024-06-23 10:00:00,53,73,8
2024-06-23 11:00:00,65,67,25
2024-06-23 12:00:00,132,92,58
2024-06-23 13:00:00,127,114,40
2024-06-23 14:00:00,87,108,48
2024-06-23 15:00:00,93,121,52
2024-06-23 16:00:00,72,88,29
2024-06-23 17:00:00,91,115,32
2024-06-23 18:00:00,80,111,19
2024-06-23 19:00:00,69,80,24
2024-06-23 20:00:00,47,80,12
2024-06-23 21:00:00,59,83,3
2024-06-23 22:00:00,79,88,7
2024-06-23 23:00:00,50,111,2
2024-06-24 00:00:00,9,47,2
2024-06-24 01:00:00,4,20,2
2024-06-24 02:00:00,3,5,0
2024-06-24 03:00:00,1,5,1
2024-06-24 04:00:00,4,6,3
2024-06-24 05:00:00,4,25,9
2024-06-24 06:00:00,23,53,21
2024-06-24 07:00:00,53,66,48
2024-06-24 08:00:00,55,58,35
2024-06-24 09:00:00,47,80,23
2024-06-24 10:00:00,56,72,13
2024-06-24 11:00:00,160,99,26
2024-06-24 12:00:00,153,71,22
2024-06-24 13:00:00,101,88,17
2024-06-24 14:00:00,71,76,31
2024-06-24 15:00:00,70,109,38
2024-06-24 16:00:00,118,108,81
2024-06-24 17:00:00,92,109,50
2024-06-24 18:00:00,114,113,27
2024-06-24 19:00:00,50,86,31
2024-06-24 20:00:00,74,68,39
2024-06-24 21:00:00,58,124,20
2024-06-24 22:00:00,59,68,12
2024-06-24 23:00:00,26,67,3
2024-06-25 00:00:00,9,22,1
2024-06-25 01:00:00,5,9,0
2024-06-25 02:00:00,15,12,2
2024-06-25 03:00:00,2,12,0
2024-06-25 04:00:00,3,15,2
2024-06-25 05:00:00,10,20,10
2024-06-25 06:00:00,29,46,26
2024-06-25 07:00:00,54,94,44
2024-06-25 08:00:00,54,75,50
2024-06-25 09:00:00,81,67,23
2024-06-25 10:00:00,80,56,20
2024-06-25 11:00:00,219,81,24
2024-06-25 12:00:00,224,55,20
2024-06-25 13:00:00,75,80,34
2024-06-25 14:00:00,81,70,30
2024-06-25 15:00:00,106,114,45
2024-06-25 16:00:00,131,101,81
2024-06-25 17:00:00,117,125,54
2024-06-25 18:00:00,139,122,57
2024-06-25 19:00:00,111,78,15
2024-06-25 20:00:00,81,69,23
2024-06-25 21:00:00,137,151,17
2024-06-25 22:00:00,110,140,7
2024-06-25 23:00:00,72,111,3
2024-06-26 00:00:00,10,55,7
2024-06-26 01:00:00,11,33,0
2024-06-26 02:00:00,6,14,0
2024-06-26 03:00:00,2,19,0
2024-06-26 04:00:00,4,7,4
2024-06-26 05:00:00,11,18,6
2024-06-26 06:00:00,29,47,17
2024-06-26 07:00:00,59,78,56
2024-06-26 08:00:00,68,81,29
2024-06-26 09:00:00,61,51,21
2024-06-26 10:00:00,62,60,20
2024-06-26 11:00:00,174,83,28
2024-06-26 12:00:00,192,100,22
2024-06-26 13:00:00,113,108,19
2024-06-26 14:00:00,102,97,26
2024-06-26 15:00:00,108,119,43
2024-06-26 16:00:00,108,108,85
2024-06-26 17:00:00,92,165,51
2024-06-26 18:00:00,112,157,53
2024-06-26 19:00:00,92,84,38
2024-06-26 20:00:00,94,63,32
2024-06-26 21:00:00,127,118,18
2024-06-26 22:00:00,102,113,7
2024-06-26 23:00:00,49,107,9
2024-06-27 00:00:00,9,68,5
2024-06-27 01:00:00,11,45,0
2024-06-27 02:00:00,2,12,0
2024-06-27 03:00:00,2,10,0
2024-06-27 04:00:00,4,5,1
2024-06-27 05:00:00,8,22,5
2024-06-27 06:00:00,24,37,24
2024-06-27 07:00:00,76,90,54
2024-06-27 08:00:00,57,102,45
2024-06-27 09:00:00,88,98,20
2024-06-27 10:00:00,81,68,20
2024-06-27 11:00:00,211,73,29
2024-06-27 12:00:00,223,92,21
2024-06-27 13:00:00,137,103,24
2024-06-27 14:00:00,104,90,36
2024-06-27 15:00:00,107,107,35
2024-06-27 16:00:00,113,119,74
2024-06-27 17:00:00,110,154,44
2024-06-27 18:00:00,120,214,39
2024-06-27 19:00:00,94,104,24
2024-06-27 20:00:00,84,101,22
2024-06-27 21:00:00,95,158,25
2024-06-27 22:00:00,88,169,13
2024-06-27 23:00:00,57,129,6
2024-06-28 00:00:00,22,86,5
2024-06-28 01:00:00,28,57,3
2024-06-28 02:00:00,13,23,2
2024-06-28 03:00:00,2,9,5
2024-06-28 04:00:00,5,11,2
2024-06-28 05:00:00,11,18,9
2024-06-28 06:00:00,29,40,14
2024-06-28 07:00:00,53,74,36
2024-06-28 08:00:00,45,71,33
2024-06-28 09:00:00,53,91,23
2024-06-28 10:00:00,92,74,12
2024-06-28 11:00:00,177,87,36
2024-06-28 12:00:00,174,87,30
2024-06-28 13:00:00,143,89,31
2024-06-28 14:00:00,98,102,21
2024-06-28 15:00:00,121,133,34
2024-06-28 16:00:00,135,154,54
2024-06-28 17:00:00,147,195,41
2024-06-28 18:00:00,188,197,26
2024-06-28 19:00:00,135,220,27
2024-06-28 20:00:00,144,168,20
2024-06-28 21:00:00,183,283,21
2024-06-28 22:00:00,177,291,19
2024-06-28 23:00:00,163,331,10
2024-06-29 00:00:00,84,196,6
2024-06-29 01:00:00,57,130,1
2024-06-29 02:00:00,34,35,1
2024-06-29 03:00:00,6,28,1
2024-06-29 04:00:00,3,16,1
2024-06-29 05:00:00,6,9,2
2024-06-29 06:00:00,10,24,3
2024-06-29 07:00:00,23,39,7
2024-06-29 08:00:00,54,55,15
2024-06-29 09:00:00,78,67,16
2024-06-29 10:00:00,132,77,20
2024-06-29 11:00:00,174,144,23
2024-06-29 12:00:00,164,138,27
2024-06-29 13:00:00,226,161,48
2024-06-29 14:00:00,175,173,35
2024-06-29 15:00:00,151,153,42
2024-06-29 16:00:00,143,194,34
2024-06-29 17:00:00,154,180,20
2024-06-29 18:00:00,193,212,25
2024-06-29 19:00:00,203,203,17
2024-06-29 20:00:00,175,190,12
2024-06-29 21:00:00,194,245,22
2024-06-29 22:00:00,274,305,10
2024-06-29 23:00:00,122,366,5
2024-06-30 00:00:00,71,319,4
2024-06-30 01:00:00,34,163,1
2024-06-30 02:00:00,12,65,1
2024-06-30 03:00:00,6,25,2
2024-06-30 04:00:00,3,13,1
2024-06-30 05:00:00,6,16,1
2024-06-30 06:00:00,5,14,5
2024-06-30 07:00:00,9,27,6
2024-06-30 08:00:00,22,41,11
2024-06-30 09:00:00,40,84,12
2024-06-30 10:00:00,58,87,10
2024-06-30 11:00:00,46,92,18
2024-06-30 12:00:00,67,83,28
2024-06-30 13:00:00,83,93,19
2024-06-30 14:00:00,118,112,21
2024-06-30 15:00:00,108,113,24
2024-06-30 16:00:00,108,76,19
2024-06-30 17:00:00,59,80,20
2024-06-30 18:00:00,111,125,24
2024-06-30 19:00:00,104,130,10
2024-06-30 20:00:00,98,76,23
2024-06-30 21:00:00,77,97,14
2024-06-30 22:00:00,58,93,10
2024-06-30 23:00:00,42,62,9
2024-07-01 00:00:00,6,39,1
2024-07-01 01:00:00,6,8,1
2024-07-01 02:00:00,7,13,0
2024-07-01 03:00:00,1,15,0
2024-07-01 04:00:00,2,7,0
2024-07-01 05:00:00,5,21,6
2024-07-01 06:00:00,36,45,24
2024-07-01 07:00:00,108,64,47
2024-07-01 08:00:00,66,75,32
2024-07-01 09:00:00,73,83,18
2024-07-01 10:00:00,117,71,21
2024-07-01 11:00:00,242,76,17
2024-07-01 12:00:00,207,75,22
2024-07-01 13:00:00,111,75,19
2024-07-01 14:00:00,145,101,19
2024-07-01 15:00:00,154,85,41
2024-07-01 16:00:00,181,101,72
2024-07-01 17:00:00,91,114,53
2024-07-01 18:00:00,84,102,28
2024-07-01 19:00:00,61,81,22
2024-07-01 20:00:00,55,65,19
2024-07-01 21:00:00,67,77,22
2024-07-01 22:00:00,40,88,6
2024-07-01 23:00:00,32,46,4
2024-07-02 00:00:00,11,21,5
2024-07-02 01:00:00,9,14,2
2024-07-02 02:00:00,6,13,0
2024-07-02 03:00:00,2,9,4
2024-07-02 04:00:00,2,9,2
2024-07-02 05:00:00,11,26,9
2024-07-02 06:00:00,31,48,32
2024-07-02 07:00:00,83,95,54
2024-07-02 08:00:00,60,89,36
2024-07-02 09:00:00,104,98,13
2024-07-02 10:00:00,108,75,23
2024-07-02 11:00:00,238,104,29
2024-07-02 12:00:00,287,104,22
2024-07-02 13:00:00,165,111,20
2024-07-02 14:00:00,126,93,22
2024-07-02 15:00:00,94,98,30
2024-07-02 16:00:00,132,106,77
2024-07-02 17:00:00,132,104,68
2024-07-02 18:00:00,108,138,37
2024-07-02 19:00:00,86,68,17
2024-07-02 20:00:00,66,48,13
2024-07-02 21:00:00,66,126,22
2024-07-02 22:00:00,49,95,11
2024-07-02 23:00:00,42,75,3
2024-07-03 00:00:00,11,34,1
2024-07-03 01:00:00,14,13,1
2024-07-03 02:00:00,8,10,2
2024-07-03 03:00:00,2,14,0
2024-07-03 04:00:00,2,7,2
2024-07-03 05:00:00,3,11,6
2024-07-03 06:00:00,26,41,22
2024-07-03 07:00:00,45,78,45
2024-07-03 08:00:00,45,105,36
2024-07-03 09:00:00,62,93,18
2024-07-03 10:00:00,71,95,13
2024-07-03 11:00:00,188,102,27
2024-07-03 12:00:00,133,114,26
2024-07-03 13:00:00,81,90,38
2024-07-03 14:00:00,115,100,31
2024-07-03 15:00:00,101,107,38
2024-07-03 16:00:00,104,116,69
2024-07-03 17:00:00,105,132,50
2024-07-03 18:00:00,119,109,41
2024-07-03 19:00:00,95,97,23
2024-07-03 20:00:00,77,73,17
2024-07-03 21:00:00,125,109,22
2024-07-03 22:00:00,74,105,7
2024-07-03 23:00:00,35,85,5
2024-07-04 00:00:00,8,25,1
2024-07-04 01:00:00,5,18,1
2024-07-04 02:00:00,4,14,0
2024-07-04 03:00:00,4,9,2
2024-07-04 04:00:00,5,6,1
2024-07-04 05:00:00,11,12,6
2024-07-04 06:00:00,28,39,21
2024-07-04 07:00:00,72,83,48
2024-07-04 08:00:00,100,93,46
2024-07-04 09:00:00,76,57,23
2024-07-04 10:00:00,80,75,18
2024-07-04 11:00:00,159,95,40
2024-07-04 12:00:00,228,102,40
2024-07-04 13:00:00,101,73,32
2024-07-04 14:00:00,78,91,34
2024-07-04 15:00:00,104,95,45
2024-07-04 16:00:00,142,131,74
2024-07-04 17:00:00,141,171,50
2024-07-04 18:00:00,109,188,38
2024-07-04 19:00:00,95,126,13
2024-07-04 20:00:00,63,142,13
2024-07-04 21:00:00,80,169,4
2024-07-04 22:00:00,54,125,8
2024-07-04 23:00:00,44,116,8
2024-07-05 00:00:00,17,80,1
2024-07-05 01:00:00,19,46,3
2024-07-05 02:00:00,6,9,0
2024-07-05 03:00:00,2,2,0
2024-07-05 04:00:00,3,16,3
2024-07-05 05:00:00,11,21,5
2024-07-05 06:00:00,17,56,18
2024-07-05 07:00:00,40,105,28
2024-07-05 08:00:00,52,93,28
2024-07-05 09:00:00,64,77,17
2024-07-05 10:00:00,168,80,15
2024-07-05 11:00:00,202,112,18
2024-07-05 12:00:00,207,88,17
2024-07-05 13:00:00,171,119,19
2024-07-05 14:00:00,107,101,25
2024-07-05 15:00:00,128,160,30
2024-07-05 16:00:00,132,190,39
2024-07-05 17:00:00,214,253,25
2024-07-05 18:00:00,161,308,30
2024-07-05 19:00:00,131,247,9
2024-07-05 20:00:00,115,154,11
2024-07-05 21:00:00,121,207,7
2024-07-05 22:00:00,90,297,10
2024-07-05 23:00:00,64,329,4
2024-07-06 00:00:00,45,166,1
2024-07-06 01:00:00,27,121,2
2024-07-06 02:00:00,11,40,0
2024-07-06 03:00:00,1,8,0
2024-07-06 04:00:00,1,16,0
2024-07-06 05:00:00,3,12,1
2024-07-06 06:00:00,9,15,3
2024-07-06 07:00:00,47,64,12
2024-07-06 08:00:00,75,66,10
2024-07-06 09:00:00,132,81,6
2024-07-06 10:00:00,102,122,14
2024-07-06 11:00:00,134,129,23
2024-07-06 12:00:00,167,195,13
2024-07-06 13:00:00,133,182,17
2024-07-06 14:00:00,200,201,21
2024-07-06 15:00:00,167,249,20
2024-07-06 16:00:00,87,199,21
2024-07-06 17:00:00,84,152,9
2024-07-06 18:00:00,215,181,33
2024-07-06 19:00:00,248,343,13
2024-07-06 20:00:00,263,282,22
2024-07-06 21:00:00,329,331,10
2024-07-06 22:00:00,200,245,10
2024-07-06 23:00:00,117,346,7
2024-07-07 00:00:00,29,278,5
2024-07-07 01:00:00,25,141,1
2024-07-07 02:00:00,30,93,2
2024-07-07 03:00:00,7,66,4
2024-07-07 04:00:00,3,20,2
2024-07-07 05:00:00,5,6,1
2024-07-07 06:00:00,5,13,4
2024-07-07 07:00:00,11,11,4
2024-07-07 08:00:00,16,30,9
2024-07-07 09:00:00,24,57,12
2024-07-07 10:00:00,35,60,14
2024-07-07 11:00:00,45,70,15
2024-07-07 12:00:00,77,51,14
2024-07-07 13:00:00,71,70,21
2024-07-07 14:00:00,71,80,22
2024-07-07 15:00:00,61,92,39
2024-07-07 16:00:00,66,85,18
2024-07-07 17:00:00,63,70,21
2024-07-07 18:00:00,73,79,18
2024-07-07 19:00:00,59,76,16
2024-07-07 20:00:00,63,54,8
2024-07-07 21:00:00,38,66,6
2024-07-07 22:00:00,31,82,3
2024-07-07 23:00:00,16,57,0
2024-07-08 00:00:00,2,10,3
2024-07-08 01:00:00,8,21,0
2024-07-08 02:00:00,0,6,0
2024-07-08 03:00:00,0,9,1
2024-07-08 04:00:00,1,8,0
2024-07-08 05:00:00,5,21,6
2024-07-08 06:00:00,22,47,22
2024-07-08 07:00:00,57,67,58
2024-07-08 08:00:00,30,75,38
2024-07-08 09:00:00,44,71,17
2024-07-08 10:00:00,77,78,26
2024-07-08 11:00:00,214,73,19
2024-07-08 12:00:00,171,56,16
2024-07-08 13:00:00,85,77,20
2024-07-08 14:00:00,80,59,27
2024-07-08 15:00:00,72,77,45
2024-07-08 16:00:00,82,83,78
2024-07-08 17:00:00,53,75,45
2024-07-08 18:00:00,37,87,20
2024-07-08 19:00:00,29,71,12
2024-07-08 20:00:00,30,48,8
2024-07-08 21:00:00,12,61,5
2024-07-08 22:00:00,17,67,3
2024-07-08 23:00:00,8,46,0
2024-07-09 00:00:00,2,20,0
2024-07-09 01:00:00,6,17,0
2024-07-09 02:00:00,1,14,0
2024-07-09 03:00:00,2,11,0
2024-07-09 04:00:00,2,10,0
2024-07-09 05:00:00,12,21,7
2024-07-09 06:00:00,30,48,12
2024-07-09 07:00:00,58,68,67
2024-07-09 08:00:00,56,118,49
2024-07-09 09:00:00,60,75,14
2024-07-09 10:00:00,73,89,18
2024-07-09 11:00:00,190,93,20
2024-07-09 12:00:00,158,91,18
2024-07-09 13:00:00,67,97,21
2024-07-09 14:00:00,60,75,17
2024-07-09 15:00:00,69,115,25
2024-07-09 16:00:00,86,114,81
2024-07-09 17:00:00,67,125,42
2024-07-09 18:00:00,47,129,39
2024-07-09 19:00:00,49,85,27
2024-07-09 20:00:00,46,74,21
2024-07-09 21:00:00,69,135,4
2024-07-09 22:00:00,38,115,6
2024-07-09 23:00:00,36,56,8
2024-07-10 00:00:00,18,31,2
2024-07-10 01:00:00,5,21,0
2024-07-10 02:00:00,0,22,4
2024-07-10 03:00:00,1,7,3
2024-07-10 04:00:00,2,6,1
2024-07-10 05:00:00,5,22,10
2024-07-10 06:00:00,15,36,20
2024-07-10 07:00:00,57,79,64
2024-07-10 08:00:00,47,108,38
2024-07-10 09:00:00,37,86,26
2024-07-10 10:00:00,38,78,15
2024-07-10 11:00:00,175,81,24
2024-07-10 12:00:00,125,52,29
2024-07-10 13:00:00,75,54,17
2024-07-10 14:00:00,60,75,21
2024-07-10 15:00:00,58,109,45
2024-07-10 16:00:00,97,131,94
2024-07-10 17:00:00,132,155,49
2024-07-10 18:00:00,134,141,53
2024-07-10 19:00:00,98,114,30
2024-07-10 20:00:00,66,56,20
2024-07-10 21:00:00,219,182,27
2024-07-10 22:00:00,135,201,17
2024-07-10 23:00:00,116,127,3
2024-07-11 00:00:00,31,96,2
2024-07-11 01:00:00,20,39,2
2024-07-11 02:00:00,2,11,0
2024-07-11 03:00:00,1,12,1
2024-07-11 04:00:00,1,18,1
2024-07-11 05:00:00,8,14,9
2024-07-11 06:00:00,29,52,18
2024-07-11 07:00:00,64,95,48
2024-07-11 08:00:00,74,74,37
2024-07-11 09:00:00,103,72,14
2024-07-11 10:00:00,132,78,20
2024-07-11 11:00:00,344,90,21
2024-07-11 12:00:00,423,79,31
2024-07-11 13:00:00,130,68,26
2024-07-11 14:00:00,97,79,25
2024-07-11 15:00:00,91,90,51
2024-07-11 16:00:00,84,114,90
2024-07-11 17:00:00,103,171,46
2024-07-11 18:00:00,123,159,34
2024-07-11 19:00:00,121,91,33
2024-07-11 20:00:00,109,77,15
2024-07-11 21:00:00,83,144,21
2024-07-11 22:00:00,55,109,4
2024-07-11 23:00:00,62,110,2
2024-07-12 00:00:00,7,74,1
2024-07-12 01:00:00,11,43,2
2024-07-12 02:00:00,5,29,0
2024-07-12 03:00:00,1,9,0
2024-07-12 04:00:00,3,6,4
2024-07-12 05:00:00,6,17,4
2024-07-12 06:00:00,21,48,15
2024-07-12 07:00:00,45,69,31
2024-07-12 08:00:00,83,95,37
2024-07-12 09:00:00,128,79,18
2024-07-12 10:00:00,131,64,19
2024-07-12 11:00:00,258,81,25
2024-07-12 12:00:00,249,69,24
2024-07-12 13:00:00,151,78,30
2024-07-12 14:00:00,107,98,32
2024-07-12 15:00:00,90,102,39
2024-07-12 16:00:00,97,140,50
2024-07-12 17:00:00,76,179,30
2024-07-12 18:00:00,72,272,15
2024-07-12 19:00:00,80,211,18
2024-07-12 20:00:00,102,139,17
2024-07-12 21:00:00,144,256,10
2024-07-12 22:00:00,112,261,13
2024-07-12 23:00:00,143,270,14
2024-07-13 00:00:00,41,275,5
2024-07-13 01:00:00,42,127,1
2024-07-13 02:00:00,21,51,1
2024-07-13 03:00:00,10,20,1
2024-07-13 04:00:00,6,13,4
2024-07-13 05:00:00,2,11,2
2024-07-13 06:00:00,9,14,4
2024-07-13 07:00:00,14,31,4
2024-07-13 08:00:00,25,54,18
2024-07-13 09:00:00,78,64,35
2024-07-13 10:00:00,98,91,31
2024-07-13 11:00:00,193,96,37
2024-07-13 12:00:00,140,117,37
2024-07-13 13:00:00,151,149,23
2024-07-13 14:00:00,160,152,20
2024-07-13 15:00:00,108,184,23
2024-07-13 16:00:00,117,164,28
2024-07-13 17:00:00,209,207,17
2024-07-13 18:00:00,160,179,29
2024-07-13 19:00:00,95,230,19
2024-07-13 20:00:00,179,202,20
2024-07-13 21:00:00,178,228,14
2024-07-13 22:00:00,177,288,18
2024-07-13 23:00:00,130,253,6
2024-07-14 00:00:00,88,231,3
2024-07-14 01:00:00,44,177,1
2024-07-14 02:00:00,15,56,4
2024-07-14 03:00:00,4,36,1
2024-07-14 04:00:00,1,10,2
2024-07-14 05:00:00,1,5,1
2024-07-14 06:00:00,2,15,7
2024-07-14 07:00:00,2,18,2
2024-07-14 08:00:00,16,49,11
2024-07-14 09:00:00,31,57,11
2024-07-14 10:00:00,36,88,15
2024-07-14 11:00:00,69,95,16
2024-07-14 12:00:00,68,70,23
2024-07-14 13:00:00,52,69,19
2024-07-14 14:00:00,75,112,16
2024-07-14 15:00:00,107,142,39
2024-07-14 16:00:00,181,206,20
2024-07-14 17:00:00,271,185,16
2024-07-14 18:00:00,402,171,32
2024-07-14 19:00:00,316,115,24
2024-07-14 20:00:00,214,58,23
2024-07-14 21:00:00,370,176,25
2024-07-14 22:00:00,222,247,10
2024-07-14 23:00:00,155,182,4
2024-07-15 00:00:00,35,110,7
2024-07-15 01:00:00,27,73,1
2024-07-15 02:00:00,15,39,0
2024-07-15 03:00:00,1,18,1
2024-07-15 04:00:00,2,7,0
2024-07-15 05:00:00,5,21,8
2024-07-15 06:00:00,11,37,13
2024-07-15 07:00:00,87,56,39
2024-07-15 08:00:00,83,88,32
2024-07-15 09:00:00,111,73,19
2024-07-15 10:00:00,90,68,9
2024-07-15 11:00:00,198,68,13
2024-07-15 12:00:00,156,80,15
2024-07-15 13:00:00,116,93,11
2024-07-15 14:00:00,89,77,13
2024-07-15 15:00:00,72,94,15
2024-07-15 16:00:00,57,147,51
2024-07-15 17:00:00,68,130,23
2024-07-15 18:00:00,46,82,27
2024-07-15 19:00:00,42,81,19
2024-07-15 20:00:00,58,65,13
2024-07-15 21:00:00,29,75,5
2024-07-15 22:00:00,29,77,3
2024-07-15 23:00:00,54,55,6
2024-07-16 00:00:00,14,25,3
2024-07-16 01:00:00,4,11,0
2024-07-16 02:00:00,1,10,0
2024-07-16 03:00:00,2,10,0
2024-07-16 04:00:00,4,16,2
2024-07-16 05:00:00,9,24,9
2024-07-16 06:00:00,35,42,17
2024-07-16 07:00:00,84,79,67
2024-07-16 08:00:00,78,95,44
2024-07-16 09:00:00,78,75,14
2024-07-16 10:00:00,108,73,17
2024-07-16 11:00:00,203,98,27
2024-07-16 12:00:00,185,74,26
2024-07-16 13:00:00,117,88,11
2024-07-16 14:00:00,94,86,16
2024-07-16 15:00:00,109,105,30
2024-07-16 16:00:00,137,108,84
2024-07-16 17:00:00,107,133,40
2024-07-16 18:00:00,133,111,37
2024-07-16 19:00:00,100,82,24
2024-07-16 20:00:00,113,97,25
2024-07-16 21:00:00,267,144,7
2024-07-16 22:00:00,409,104,7
2024-07-16 23:00:00,313,71,3
2024-07-17 00:00:00,168,38,1
2024-07-17 01:00:00,267,13,0
2024-07-17 02:00:00,65,22,0
2024-07-17 03:00:00,64,13,0
2024-07-17 04:00:00,11,10,2
2024-07-17 05:00:00,16,21,7
2024-07-17 06:00:00,32,36,27
2024-07-17 07:00:00,99,87,64
2024-07-17 08:00:00,178,91,43
2024-07-17 09:00:00,99,85,12
2024-07-17 10:00:00,130,79,20
2024-07-17 11:00:00,344,84,37
2024-07-17 12:00:00,395,83,32
2024-07-17 13:00:00,184,83,18
2024-07-17 14:00:00,127,62,21
2024-07-17 15:00:00,104,116,43
2024-07-17 16:00:00,136,106,100
2024-07-17 17:00:00,145,147,47
2024-07-17 18:00:00,120,139,44
2024-07-17 19:00:00,105,112,23
2024-07-17 20:00:00,104,112,17
2024-07-17 21:00:00,123,137,12
2024-07-17 22:00:00,68,144,6
2024-07-17 23:00:00,76,104,5
2024-07-18 00:00:00,22,74,2
2024-07-18 01:00:00,8,28,0
2024-07-18 02:00:00,1,9,0
2024-07-18 03:00:00,3,8,0
2024-07-18 04:00:00,5,7,2
2024-07-18 05:00:00,17,20,5
2024-07-18 06:00:00,45,44,17
2024-07-18 07:00:00,118,85,62
2024-07-18 08:00:00,131,90,33
2024-07-18 09:00:00,109,62,25
2024-07-18 10:00:00,167,99,22
2024-07-18 11:00:00,354,88,26
2024-07-18 12:00:00,378,90,26
2024-07-18 13:00:00,177,79,23
2024-07-18 14:00:00,162,86,30
2024-07-18 15:00:00,149,80,47
2024-07-18 16:00:00,186,143,79
2024-07-18 17:00:00,172,159,44
2024-07-18 18:00:00,134,153,48
2024-07-18 19:00:00,140,123,17
2024-07-18 20:00:00,141,122,23
2024-07-18 21:00:00,138,177,16
2024-07-18 22:00:00,117,191,4
2024-07-18 23:00:00,98,156,7
2024-07-19 00:00:00,41,106,9
2024-07-19 01:00:00,26,49,2
2024-07-19 02:00:00,7,18,0
2024-07-19 03:00:00,2,13,0
2024-07-19 04:00:00,9,13,1
2024-07-19 05:00:00,13,27,6
2024-07-19 06:00:00,43,43,17
2024-07-19 07:00:00,120,104,36
2024-07-19 08:00:00,141,70,34
2024-07-19 09:00:00,171,76,22
2024-07-19 10:00:00,178,87,30
2024-07-19 11:00:00,291,98,27
2024-07-19 12:00:00,324,92,34
2024-07-19 13:00:00,208,119,31
2024-07-19 14:00:00,101,113,25
2024-07-19 15:00:00,131,153,52
2024-07-19 16:00:00,125,228,47
2024-07-19 17:00:00,123,287,39
2024-07-19 18:00:00,164,296,48
2024-07-19 19:00:00,197,262,28
2024-07-19 20:00:00,229,249,27
2024-07-19 21:00:00,339,286,18
2024-07-19 22:00:00,241,311,14
2024-07-19 23:00:00,114,259,6
2024-07-20 00:00:00,132,294,7
2024-07-20 01:00:00,45,174,4
2024-07-20 02:00:00,9,60,3
2024-07-20 03:00:00,3,34,1
2024-07-20 04:00:00,1,11,1
2024-07-20 05:00:00,5,30,1
2024-07-20 06:00:00,9,32,4
2024-07-20 07:00:00,36,73,12
2024-07-20 08:00:00,85,97,19
2024-07-20 09:00:00,144,138,18
2024-07-20 10:00:00,232,169,51
2024-07-20 11:00:00,185,180,29
2024-07-20 12:00:00,181,243,24
2024-07-20 13:00:00,253,266,32
2024-07-20 14:00:00,166,254,36
2024-07-20 15:00:00,157,228,28
2024-07-20 16:00:00,147,294,31
2024-07-20 17:00:00,176,302,26
2024-07-20 18:00:00,165,302,21
2024-07-20 19:00:00,162,338,21
2024-07-20 20:00:00,194,271,12
2024-07-20 21:00:00,262,290,6
2024-07-20 22:00:00,155,427,5
2024-07-20 23:00:00,135,295,5
2024-07-21 00:00:00,107,281,5
2024-07-21 01:00:00,42,171,6
2024-07-21 02:00:00,10,118,1
2024-07-21 03:00:00,8,39,0
2024-07-21 04:00:00,5,33,1
2024-07-21 05:00:00,3,16,0
2024-07-21 06:00:00,7,13,7
2024-07-21 07:00:00,9,32,10
2024-07-21 08:00:00,21,59,12
2024-07-21 09:00:00,55,92,14
2024-07-21 10:00:00,67,118,30
2024-07-21 11:00:00,57,108,28
2024-07-21 12:00:00,121,178,63
2024-07-21 13:00:00,157,109,46
2024-07-21 14:00:00,136,163,50
2024-07-21 15:00:00,141,133,73
2024-07-21 16:00:00,119,168,48
2024-07-21 17:00:00,140,181,24
2024-07-21 18:00:00,100,197,29
2024-07-21 19:00:00,130,185,23
2024-07-21 20:00:00,83,151,12
2024-07-21 21:00:00,66,90,14
2024-07-21 22:00:00,73,119,9
2024-07-21 23:00:00,39,75,3
2024-07-22 00:00:00,4,40,4
2024-07-22 01:00:00,4,21,3
2024-07-22 02:00:00,3,19,1
2024-07-22 03:00:00,2,7,0
2024-07-22 04:00:00,3,6,3
2024-07-22 05:00:00,3,17,6
2024-07-22 06:00:00,29,37,20
2024-07-22 07:00:00,80,66,44
2024-07-22 08:00:00,77,92,41
2024-07-22 09:00:00,79,81,26
2024-07-22 10:00:00,101,82,13
2024-07-22 11:00:00,267,81,27
2024-07-22 12:00:00,273,83,18
2024-07-22 13:00:00,177,87,12
2024-07-22 14:00:00,134,77,21
2024-07-22 15:00:00,130,112,40
2024-07-22 16:00:00,103,95,68
2024-07-22 17:00:00,137,86,36
2024-07-22 18:00:00,130,76,23
2024-07-22 19:00:00,98,105,25
2024-07-22 20:00:00,75,106,28
2024-07-22 21:00:00,85,77,11
2024-07-22 22:00:00,89,87,8
2024-07-22 23:00:00,66,77,7
2024-07-23 00:00:00,20,48,1
2024-07-23 01:00:00,10,23,0
2024-07-23 02:00:00,9,13,2
2024-07-23 03:00:00,3,3,0
2024-07-23 04:00:00,6,15,2
2024-07-23 05:00:00,10,10,9
2024-07-23 06:00:00,29,46,17
2024-07-23 07:00:00,102,80,71
2024-07-23 08:00:00,122,120,47
2024-07-23 09:00:00,125,80,16
2024-07-23 10:00:00,91,74,21
2024-07-23 11:00:00,363,101,14
2024-07-23 12:00:00,295,112,16
2024-07-23 13:00:00,211,76,16
2024-07-23 14:00:00,226,137,28
2024-07-23 15:00:00,162,129,32
2024-07-23 16:00:00,177,136,79
2024-07-23 17:00:00,158,163,54
2024-07-23 18:00:00,159,150,39
2024-07-23 19:00:00,188,121,29
2024-07-23 20:00:00,184,112,16
2024-07-23 21:00:00,182,151,13
2024-07-23 22:00:00,160,140,14
2024-07-23 23:00:00,101,103,0
2024-07-24 00:00:00,46,84,1
2024-07-24 01:00:00,22,31,2
2024-07-24 02:00:00,9,9,4
2024-07-24 03:00:00,1,11,1
2024-07-24 04:00:00,3,20,3
2024-07-24 05:00:00,17,14,5
2024-07-24 06:00:00,63,43,26
2024-07-24 07:00:00,123,55,47
2024-07-24 08:00:00,94,89,45
2024-07-24 09:00:00,137,60,33
2024-07-24 10:00:00,145,72,18
2024-07-24 11:00:00,258,67,29
2024-07-24 12:00:00,307,98,45
2024-07-24 13:00:00,105,71,19
2024-07-24 14:00:00,122,97,38
2024-07-24 15:00:00,128,92,27
2024-07-24 16:00:00,135,130,64
2024-07-24 17:00:00,170,135,49
2024-07-24 18:00:00,132,165,28
2024-07-24 19:00:00,124,80,35
2024-07-24 20:00:00,116,117,14
2024-07-24 21:00:00,117,126,7
2024-07-24 22:00:00,71,141,5
2024-07-24 23:00:00,97,102,5
2024-07-25 00:00:00,29,48,1
2024-07-25 01:00:00,12,27,0
2024-07-25 02:00:00,11,19,4
2024-07-25 03:00:00,7,7,0
2024-07-25 04:00:00,4,8,3
2024-07-25 05:00:00,9,10,5
2024-07-25 06:00:00,28,41,19
2024-07-25 07:00:00,119,64,62
2024-07-25 08:00:00,84,96,34
2024-07-25 09:00:00,100,79,19
2024-07-25 10:00:00,97,73,29
2024-07-25 11:00:00,230,89,22
2024-07-25 12:00:00,231,123,29
2024-07-25 13:00:00,154,84,24
2024-07-25 14:00:00,106,103,38
2024-07-25 15:00:00,120,93,26
2024-07-25 16:00:00,124,145,73
2024-07-25 17:00:00,154,138,51
2024-07-25 18:00:00,128,155,31
2024-07-25 19:00:00,122,108,27
2024-07-25 20:00:00,113,136,14
2024-07-25 21:00:00,90,187,10
2024-07-25 22:00:00,83,178,5
2024-07-25 23:00:00,62,131,8
2024-07-26 00:00:00,32,86,1
2024-07-26 01:00:00,21,54,3
2024-07-26 02:00:00,14,31,5
2024-07-26 03:00:00,4,22,1
2024-07-26 04:00:00,1,11,6
2024-07-26 05:00:00,14,24,6
2024-07-26 06:00:00,15,42,10
2024-07-26 07:00:00,55,63,31
2024-07-26 08:00:00,79,72,27
2024-07-26 09:00:00,99,70,30
2024-07-26 10:00:00,81,72,31
2024-07-26 11:00:00,254,88,26
2024-07-26 12:00:00,255,99,30
2024-07-26 13:00:00,133,77,17
2024-07-26 14:00:00,106,106,41
2024-07-26 15:00:00,146,109,47
2024-07-26 16:00:00,166,148,46
2024-07-26 17:00:00,171,149,22
2024-07-26 18:00:00,155,215,59
2024-07-26 19:00:00,173,216,25
2024-07-26 20:00:00,204,166,23
2024-07-26 21:00:00,260,228,24
2024-07-26 22:00:00,192,265,9
2024-07-26 23:00:00,142,227,6
2024-07-27 00:00:00,91,224,4
2024-07-27 01:00:00,41,112,1
2024-07-27 02:00:00,30,66,6
2024-07-27 03:00:00,18,27,0
2024-07-27 04:00:00,5,13,1
2024-07-27 05:00:00,6,10,4
2024-07-27 06:00:00,6,18,5
2024-07-27 07:00:00,16,28,6
2024-07-27 08:00:00,47,46,19
2024-07-27 09:00:00,88,47,19
2024-07-27 10:00:00,95,88,18
2024-07-27 11:00:00,160,117,27
2024-07-27 12:00:00,165,97,26
2024-07-27 13:00:00,233,115,32
2024-07-27 14:00:00,191,154,23
2024-07-27 15:00:00,196,166,23
2024-07-27 16:00:00,227,160,26
2024-07-27 17:00:00,207,178,16
2024-07-27 18:00:00,213,284,26
2024-07-27 19:00:00,240,200,28
2024-07-27 20:00:00,266,238,22
2024-07-27 21:00:00,258,264,26
2024-07-27 22:00:00,242,280,4
2024-07-27 23:00:00,127,251,4
2024-07-28 00:00:00,66,255,6
2024-07-28 01:00:00,66,143,3
2024-07-28 02:00:00,35,70,0
2024-07-28 03:00:00,19,41,0
2024-07-28 04:00:00,8,14,2
2024-07-28 05:00:00,8,9,4
2024-07-28 06:00:00,6,15,8
2024-07-28 07:00:00,20,12,4
2024-07-28 08:00:00,16,22,13
2024-07-28 09:00:00,45,52,20
2024-07-28 10:00:00,69,76,25
2024-07-28 11:00:00,84,93,14
2024-07-28 12:00:00,90,55,18
2024-07-28 13:00:00,140,84,29
2024-07-28 14:00:00,79,108,16
2024-07-28 15:00:00,142,110,20
2024-07-28 16:00:00,89,87,17
2024-07-28 17:00:00,114,103,20
2024-07-28 18:00:00,74,89,26
2024-07-28 19:00:00,78,66,11
2024-07-28 20:00:00,81,87,5
2024-07-28 21:00:00,63,69,1
2024-07-28 22:00:00,32,62,1
2024-07-28 23:00:00,38,41,4
2024-07-29 00:00:00,13,34,0
2024-07-29 01:00:00,3,12,1
2024-07-29 02:00:00,4,4,0
2024-07-29 03:00:00,1,5,1
2024-07-29 04:00:00,2,1,0
2024-07-29 05:00:00,7,19,8
2024-07-29 06:00:00,45,40,18
2024-07-29 07:00:00,80,104,47
2024-07-29 08:00:00,123,61,42
2024-07-29 09:00:00,94,67,22
2024-07-29 10:00:00,110,75,17
2024-07-29 11:00:00,230,70,30
2024-07-29 12:00:00,301,78,15
2024-07-29 13:00:00,131,62,29
2024-07-29 14:00:00,145,101,31
2024-07-29 15:00:00,142,108,39
2024-07-29 16:00:00,116,111,57
2024-07-29 17:00:00,126,100,47
2024-07-29 18:00:00,102,123,35
2024-07-29 19:00:00,52,209,23
2024-07-29 20:00:00,109,167,19
2024-07-29 21:00:00,104,180,12
2024-07-29 22:00:00,107,168,6
2024-07-29 23:00:00,61,165,7
2024-07-30 00:00:00,19,70,0
2024-07-30 01:00:00,3,41,1
2024-07-30 02:00:00,4,14,1
2024-07-30 03:00:00,0,7,1
2024-07-30 04:00:00,4,16,1
2024-07-30 05:00:00,7,27,10
2024-07-30 06:00:00,42,55,22
2024-07-30 07:00:00,94,73,60
2024-07-30 08:00:00,102,119,57
2024-07-30 09:00:00,114,80,29
2024-07-30 10:00:00,136,79,27
2024-07-30 11:00:00,275,251,27
2024-07-30 12:00:00,269,212,29
2024-07-30 13:00:00,121,187,27
2024-07-30 14:00:00,148,169,25
2024-07-30 15:00:00,152,140,49
2024-07-30 16:00:00,155,195,78
2024-07-30 17:00:00,115,155,45
2024-07-30 18:00:00,139,198,39
2024-07-30 19:00:00,72,190,25
2024-07-30 20:00:00,89,169,23
2024-07-30 21:00:00,86,179,15
2024-07-30 22:00:00,67,210,2
2024-07-30 23:00:00,42,99,3
2024-07-31 00:00:00,37,53,6
2024-07-31 01:00:00,16,14,1
2024-07-31 02:00:00,5,15,0
2024-07-31 03:00:00,5,8,1
2024-07-31 04:00:00,4,11,3
2024-07-31 05:00:00,15,17,7
2024-07-31 06:00:00,38,49,24
2024-07-31 07:00:00,87,66,50
2024-07-31 08:00:00,81,85,38
2024-07-31 09:00:00,81,68,32
2024-07-31 10:00:00,102,96,24
2024-07-31 11:00:00,282,102,28
2024-07-31 12:00:00,254,88,28
2024-07-31 13:00:00,174,76,25
2024-07-31 14:00:00,101,104,23
2024-07-31 15:00:00,122,85,35
2024-07-31 16:00:00,121,134,98
2024-07-31 17:00:00,149,140,62
2024-07-31 18:00:00,98,181,40
2024-07-31 19:00:00,122,207,41
2024-07-31 20:00:00,102,186,26
2024-07-31 21:00:00,105,210,13
2024-07-31 22:00:00,97,215,3
2024-07-31 23:00:00,61,158,5
2024-08-01 00:00:00,23,84,4
2024-08-01 01:00:00,12,41,3
2024-08-01 02:00:00,16,24,1
2024-08-01 03:00:00,9,9,4
2024-08-01 04:00:00,2,9,2
2024-08-01 05:00:00,11,18,6
2024-08-01 06:00:00,53,35,21
2024-08-01 07:00:00,78,56,38
2024-08-01 08:00:00,82,93,41
2024-08-01 09:00:00,96,88,30
2024-08-01 10:00:00,113,82,18
2024-08-01 11:00:00,257,82,22
2024-08-01 12:00:00,228,93,22
2024-08-01 13:00:00,157,67,24
2024-08-01 14:00:00,106,86,23
2024-08-01 15:00:00,102,85,34
2024-08-01 16:00:00,99,135,66
2024-08-01 17:00:00,121,126,52
2024-08-01 18:00:00,110,208,31
2024-08-01 19:00:00,100,258,26
2024-08-01 20:00:00,125,218,13
2024-08-01 21:00:00,149,226,8
2024-08-01 22:00:00,116,269,6
2024-08-01 23:00:00,40,276,5
2024-08-02 00:00:00,29,192,0
2024-08-02 01:00:00,36,105,0
2024-08-02 02:00:00,13,62,0
2024-08-02 03:00:00,3,54,0
2024-08-02 04:00:00,6,18,3
2024-08-02 05:00:00,9,24,4
2024-08-02 06:00:00,41,21,14
2024-08-02 07:00:00,65,66,34
2024-08-02 08:00:00,54,61,27
2024-08-02 09:00:00,66,78,15
2024-08-02 10:00:00,127,70,19
2024-08-02 11:00:00,211,58,20
2024-08-02 12:00:00,166,71,30
2024-08-02 13:00:00,147,85,19
2024-08-02 14:00:00,78,115,30
2024-08-02 15:00:00,84,137,42
2024-08-02 16:00:00,129,185,48
2024-08-02 17:00:00,158,189,42
2024-08-02 18:00:00,117,235,29
2024-08-02 19:00:00,131,180,30
2024-08-02 20:00:00,137,185,14
2024-08-02 21:00:00,183,244,10
2024-08-02 22:00:00,178,239,13
2024-08-02 23:00:00,161,224,7
2024-08-03 00:00:00,93,206,2
2024-08-03 01:00:00,49,122,0
2024-08-03 02:00:00,32,57,1
2024-08-03 03:00:00,8,35,0
2024-08-03 04:00:00,13,15,2
2024-08-03 05:00:00,10,12,3
2024-08-03 06:00:00,10,13,4
2024-08-03 07:00:00,20,33,8
2024-08-03 08:00:00,37,45,7
2024-08-03 09:00:00,50,65,12
2024-08-03 10:00:00,83,75,19
2024-08-03 11:00:00,113,75,20
2024-08-03 12:00:00,107,107,23
2024-08-03 13:00:00,148,100,16
2024-08-03 14:00:00,147,151,16
2024-08-03 15:00:00,178,146,28
2024-08-03 16:00:00,175,162,32
2024-08-03 17:00:00,165,199,38
2024-08-03 18:00:00,265,209,47
2024-08-03 19:00:00,776,216,79
2024-08-03 20:00:00,225,149,8
2024-08-03 21:00:00,204,197,12
2024-08-03 22:00:00,226,197,14
2024-08-03 23:00:00,109,190,5
2024-08-04 00:00:00,117,154,5
2024-08-04 01:00:00,64,92,5
2024-08-04 02:00:00,42,69,3
2024-08-04 03:00:00,4,43,0
2024-08-04 04:00:00,7,27,3
2024-08-04 05:00:00,11,8,2
2024-08-04 06:00:00,5,11,8
2024-08-04 07:00:00,12,18,12
2024-08-04 08:00:00,24,24,11
2024-08-04 09:00:00,32,46,12
2024-08-04 10:00:00,38,58,21
2024-08-04 11:00:00,50,76,27
2024-08-04 12:00:00,63,95,34
2024-08-04 13:00:00,100,66,21
2024-08-04 14:00:00,76,66,31
2024-08-04 15:00:00,97,76,21
2024-08-04 16:00:00,54,80,19
2024-08-04 17:00:00,73,99,19
2024-08-04 18:00:00,79,68,23
2024-08-04 19:00:00,63,68,16
2024-08-04 20:00:00,60,60,0
2024-08-04 21:00:00,50,58,8
2024-08-04 22:00:00,32,48,5
2024-08-04 23:00:00,20,63,0
2024-08-05 00:00:00,9,9,0
2024-08-05 01:00:00,7,11,0
2024-08-05 02:00:00,2,8,0
2024-08-05 03:00:00,4,5,0
2024-08-05 04:00:00,3,7,2
2024-08-05 05:00:00,5,5,9
2024-08-05 06:00:00,30,41,18
2024-08-05 07:00:00,51,56,48
2024-08-05 08:00:00,48,63,34
2024-08-05 09:00:00,43,49,15
2024-08-05 10:00:00,61,44,28
2024-08-05 11:00:00,269,63,18
2024-08-05 12:00:00,169,83,28
2024-08-05 13:00:00,119,61,32
2024-08-05 14:00:00,97,79,20
2024-08-05 15:00:00,58,87,37
2024-08-05 16:00:00,78,67,59
2024-08-05 17:00:00,94,68,52
2024-08-05 18:00:00,85,73,33
2024-08-05 19:00:00,75,70,24
2024-08-05 20:00:00,70,79,3
2024-08-05 21:00:00,35,62,2
2024-08-05 22:00:00,38,56,3
2024-08-05 23:00:00,25,47,3
2024-08-06 00:00:00,18,39,4
2024-08-06 01:00:00,28,13,1
2024-08-06 02:00:00,5,15,0
2024-08-06 03:00:00,1,5,0
2024-08-06 04:00:00,2,11,4
2024-08-06 05:00:00,12,23,6
2024-08-06 06:00:00,31,43,25
2024-08-06 07:00:00,120,82,46
2024-08-06 08:00:00,69,83,31
2024-08-06 09:00:00,82,59,20
2024-08-06 10:00:00,93,66,21
2024-08-06 11:00:00,315,92,22
2024-08-06 12:00:00,209,43,19
2024-08-06 13:00:00,136,85,29
2024-08-06 14:00:00,89,68,17
2024-08-06 15:00:00,90,100,29
2024-08-06 16:00:00,86,97,73
2024-08-06 17:00:00,130,98,43
2024-08-06 18:00:00,98,63,31
2024-08-06 19:00:00,99,60,28
2024-08-06 20:00:00,78,96,9
2024-08-06 21:00:00,63,96,4
2024-08-06 22:00:00,41,72,4
2024-08-06 23:00:00,45,54,4
2024-08-07 00:00:00,10,55,4
2024-08-07 01:00:00,13,37,2
2024-08-07 02:00:00,2,28,0
2024-08-07 03:00:00,4,26,0
2024-08-07 04:00:00,2,10,4
2024-08-07 05:00:00,14,19,6
2024-08-07 06:00:00,34,52,10
2024-08-07 07:00:00,67,91,37
2024-08-07 08:00:00,60,44,35
2024-08-07 09:00:00,86,55,20
2024-08-07 10:00:00,86,71,21
2024-08-07 11:00:00,220,74,21
2024-08-07 12:00:00,176,84,18
2024-08-07 13:00:00,109,58,15
2024-08-07 14:00:00,65,66,22
2024-08-07 15:00:00,68,76,50
2024-08-07 16:00:00,112,84,68
2024-08-07 17:00:00,116,49,40
2024-08-07 18:00:00,84,49,20
2024-08-07 19:00:00,55,63,23
2024-08-07 20:00:00,79,48,32
2024-08-07 21:00:00,70,33,13
2024-08-07 22:00:00,26,56,5
2024-08-07 23:00:00,17,42,5
2024-08-08 00:00:00,9,7,0
2024-08-08 01:00:00,3,2,0
2024-08-08 02:00:00,6,17,3
2024-08-08 03:00:00,4,9,0
2024-08-08 04:00:00,2,13,3
2024-08-08 05:00:00,12,12,4
2024-08-08 06:00:00,55,45,17
2024-08-08 07:00:00,71,69,41
2024-08-08 08:00:00,60,88,25
2024-08-08 09:00:00,80,75,19
2024-08-08 10:00:00,105,70,23
2024-08-08 11:00:00,278,96,12
2024-08-08 12:00:00,183,61,27
2024-08-08 13:00:00,172,77,22
2024-08-08 14:00:00,74,76,20
2024-08-08 15:00:00,54,91,11
2024-08-08 16:00:00,76,157,52
2024-08-08 17:00:00,92,185,20
2024-08-08 18:00:00,66,141,21
2024-08-08 19:00:00,81,110,10
2024-08-08 20:00:00,159,95,10
2024-08-08 21:00:00,154,103,0
2024-08-08 22:00:00,122,109,4
2024-08-08 23:00:00,86,66,3
2024-08-09 00:00:00,47,33,0
2024-08-09 01:00:00,42,33,0
2024-08-09 02:00:00,69,32,1
2024-08-09 03:00:00,39,9,0
2024-08-09 04:00:00,15,10,5
2024-08-09 05:00:00,16,9,8
2024-08-09 06:00:00,30,33,10
2024-08-09 07:00:00,44,58,33
2024-08-09 08:00:00,78,50,26
2024-08-09 09:00:00,68,67,21
2024-08-09 10:00:00,116,60,10
2024-08-09 11:00:00,204,99,25
2024-08-09 12:00:00,185,66,25
2024-08-09 13:00:00,120,108,29
2024-08-09 14:00:00,85,109,53
2024-08-09 15:00:00,83,103,35
2024-08-09 16:00:00,115,127,51
2024-08-09 17:00:00,132,162,34
2024-08-09 18:00:00,146,214,29
2024-08-09 19:00:00,117,146,22
2024-08-09 20:00:00,181,180,16
2024-08-09 21:00:00,178,245,7
2024-08-09 22:00:00,148,286,13
2024-08-09 23:00:00,130,223,10
2024-08-10 00:00:00,78,203,4
2024-08-10 01:00:00,48,91,4
2024-08-10 02:00:00,27,50,1
2024-08-10 03:00:00,17,21,0
2024-08-10 04:00:00,9,12,5
2024-08-10 05:00:00,4,17,3
2024-08-10 06:00:00,14,20,1
2024-08-10 07:00:00,27,28,13
2024-08-10 08:00:00,25,34,15
2024-08-10 09:00:00,51,72,17
2024-08-10 10:00:00,63,65,27
2024-08-10 11:00:00,150,121,22
2024-08-10 12:00:00,152,117,22
2024-08-10 13:00:00,134,137,9
2024-08-10 14:00:00,125,125,28
2024-08-10 15:00:00,148,143,25
2024-08-10 16:00:00,150,186,29
2024-08-10 17:00:00,146,165,25
2024-08-10 18:00:00,158,162,34
2024-08-10 19:00:00,185,153,18
2024-08-10 20:00:00,260,250,12
2024-08-10 21:00:00,248,262,13
2024-08-10 22:00:00,234,300,9
2024-08-10 23:00:00,174,288,9
2024-08-11 00:00:00,121,282,5
2024-08-11 01:00:00,42,140,8
2024-08-11 02:00:00,18,80,3
2024-08-11 03:00:00,44,22,3
2024-08-11 04:00:00,14,15,4
2024-08-11 05:00:00,7,12,3
2024-08-11 06:00:00,6,13,7
2024-08-11 07:00:00,13,19,17
2024-08-11 08:00:00,20,31,13
2024-08-11 09:00:00,49,52,14
2024-08-11 10:00:00,45,74,19
2024-08-11 11:00:00,94,51,14
2024-08-11 12:00:00,78,63,16
2024-08-11 13:00:00,59,88,26
2024-08-11 14:00:00,63,81,14
2024-08-11 15:00:00,92,87,29
2024-08-11 16:00:00,83,73,24
2024-08-11 17:00:00,99,106,24
2024-08-11 18:00:00,99,53,30
2024-08-11 19:00:00,89,97,21
2024-08-11 20:00:00,87,85,10
2024-08-11 21:00:00,65,116,7
2024-08-11 22:00:00,60,89,10
2024-08-11 23:00:00,44,50,6
2024-08-12 00:00:00,28,28,7
2024-08-12 01:00:00,20,11,1
2024-08-12 02:00:00,6,14,1
2024-08-12 03:00:00,8,7,0
2024-08-12 04:00:00,7,3,2
2024-08-12 05:00:00,10,25,7
2024-08-12 06:00:00,57,41,12
2024-08-12 07:00:00,115,63,47
2024-08-12 08:00:00,138,85,39
2024-08-12 09:00:00,106,72,12
2024-08-12 10:00:00,125,68,15
2024-08-12 11:00:00,333,97,29
2024-08-12 12:00:00,311,61,20
2024-08-12 13:00:00,211,65,27
2024-08-12 14:00:00,149,66,31
2024-08-12 15:00:00,119,77,46
2024-08-12 16:00:00,117,93,69
2024-08-12 17:00:00,119,81,54
2024-08-12 18:00:00,102,61,33
2024-08-12 19:00:00,96,82,20
2024-08-12 20:00:00,55,72,12
2024-08-12 21:00:00,30,79,13
2024-08-12 22:00:00,30,68,5
2024-08-12 23:00:00,23,54,8
2024-08-13 00:00:00,2,16,0
2024-08-13 01:00:00,5,20,0
2024-08-13 02:00:00,5,13,5
2024-08-13 03:00:00,3,8,0
2024-08-13 04:00:00,1,9,1
2024-08-13 05:00:00,14,16,14
2024-08-13 06:00:00,58,46,19
2024-08-13 07:00:00,98,61,64
2024-08-13 08:00:00,198,85,39
2024-08-13 09:00:00,139,74,21
2024-08-13 10:00:00,171,72,12
2024-08-13 11:00:00,315,94,41
2024-08-13 12:00:00,410,71,27
2024-08-13 13:00:00,175,72,23
2024-08-13 14:00:00,170,97,32
2024-08-13 15:00:00,152,121,52
2024-08-13 16:00:00,150,137,81
2024-08-13 17:00:00,122,112,52
2024-08-13 18:00:00,96,122,26
2024-08-13 19:00:00,57,73,23
2024-08-13 20:00:00,73,74,8
2024-08-13 21:00:00,70,109,7
2024-08-13 22:00:00,73,97,7
2024-08-13 23:00:00,34,83,2
2024-08-14 00:00:00,17,25,4
2024-08-14 01:00:00,9,18,0
2024-08-14 02:00:00,5,5,3
2024-08-14 03:00:00,7,10,1
2024-08-14 04:00:00,4,8,2
2024-08-14 05:00:00,12,17,13
2024-08-14 06:00:00,23,49,14
2024-08-14 07:00:00,83,64,56
2024-08-14 08:00:00,124,95,36
2024-08-14 09:00:00,98,61,18
2024-08-14 10:00:00,151,75,22
2024-08-14 11:00:00,254,101,30
2024-08-14 12:00:00,189,115,34
2024-08-14 13:00:00,117,88,21
2024-08-14 14:00:00,94,99,26
2024-08-14 15:00:00,91,72,36
2024-08-14 16:00:00,107,104,71
2024-08-14 17:00:00,93,99,54
2024-08-14 18:00:00,100,96,38
2024-08-14 19:00:00,59,99,35
2024-08-14 20:00:00,71,77,24
2024-08-14 21:00:00,36,116,8
2024-08-14 22:00:00,83,102,10
2024-08-14 23:00:00,31,85,1
2024-08-15 00:00:00,7,31,0
2024-08-15 01:00:00,10,15,7
2024-08-15 02:00:00,6,9,1
2024-08-15 03:00:00,2,6,0
2024-08-15 04:00:00,2,13,3
2024-08-15 05:00:00,13,40,5
2024-08-15 06:00:00,39,54,18
2024-08-15 07:00:00,62,58,51
2024-08-15 08:00:00,67,74,37
2024-08-15 09:00:00,51,76,27
2024-08-15 10:00:00,65,61,25
2024-08-15 11:00:00,230,93,24
2024-08-15 12:00:00,222,94,30
2024-08-15 13:00:00,93,98,23
2024-08-15 14:00:00,63,70,23
2024-08-15 15:00:00,93,87,34
2024-08-15 16:00:00,96,148,52
2024-08-15 17:00:00,60,182,46
2024-08-15 18:00:00,61,187,28
2024-08-15 19:00:00,65,119,11
2024-08-15 20:00:00,78,131,12
2024-08-15 21:00:00,38,126,4
2024-08-15 22:00:00,42,123,9
2024-08-15 23:00:00,36,62,4
2024-08-16 00:00:00,40,34,2
2024-08-16 01:00:00,10,38,1
2024-08-16 02:00:00,6,21,0
2024-08-16 03:00:00,1,5,0
2024-08-16 04:00:00,1,6,2
2024-08-16 05:00:00,9,14,7
2024-08-16 06:00:00,35,22,9
2024-08-16 07:00:00,70,43,18
2024-08-16 08:00:00,80,100,23
2024-08-16 09:00:00,83,65,18
2024-08-16 10:00:00,123,58,23
2024-08-16 11:00:00,203,93,23
2024-08-16 12:00:00,188,56,31
2024-08-16 13:00:00,114,88,29
2024-08-16 14:00:00,109,95,30
2024-08-16 15:00:00,126,107,44
2024-08-16 16:00:00,185,186,38
2024-08-16 17:00:00,154,155,30
2024-08-16 18:00:00,230,193,29
2024-08-16 19:00:00,185,183,37
2024-08-16 20:00:00,218,224,23
2024-08-16 21:00:00,133,289,15
2024-08-16 22:00:00,117,308,16
2024-08-16 23:00:00,94,272,3
2024-08-17 00:00:00,80,209,2
2024-08-17 01:00:00,28,84,2
2024-08-17 02:00:00,22,30,1
2024-08-17 03:00:00,7,27,0
2024-08-17 04:00:00,7,16,4
2024-08-17 05:00:00,19,6,2
2024-08-17 06:00:00,28,21,6
2024-08-17 07:00:00,32,42,8
2024-08-17 08:00:00,43,30,11
2024-08-17 09:00:00,84,57,13
2024-08-17 10:00:00,68,61,14
2024-08-17 11:00:00,145,104,30
2024-08-17 12:00:00,109,86,16
2024-08-17 13:00:00,156,92,22
2024-08-17 14:00:00,146,141,18
2024-08-17 15:00:00,101,126,29
2024-08-17 16:00:00,129,153,27
2024-08-17 17:00:00,147,181,21
2024-08-17 18:00:00,199,225,27
2024-08-17 19:00:00,168,172,20
2024-08-17 20:00:00,193,208,12
2024-08-17 21:00:00,161,300,5
2024-08-17 22:00:00,164,291,8
2024-08-17 23:00:00,171,188,6
2024-08-18 00:00:00,69,203,7
2024-08-18 01:00:00,53,105,5
2024-08-18 02:00:00,9,38,2
2024-08-18 03:00:00,11,12,0
2024-08-18 04:00:00,7,16,0
2024-08-18 05:00:00,14,7,3
2024-08-18 06:00:00,13,10,4
2024-08-18 07:00:00,5,23,7
2024-08-18 08:00:00,31,39,18
2024-08-18 09:00:00,42,54,15
2024-08-18 10:00:00,52,74,13
2024-08-18 11:00:00,65,81,26
2024-08-18 12:00:00,80,65,18
2024-08-18 13:00:00,74,96,24
2024-08-18 14:00:00,78,100,42
2024-08-18 15:00:00,77,102,15
2024-08-18 16:00:00,65,73,24
2024-08-18 17:00:00,75,113,35
2024-08-18 18:00:00,56,94,21
2024-08-18 19:00:00,64,65,9
2024-08-18 20:00:00,60,98,6
2024-08-18 21:00:00,28,56,5
2024-08-18 22:00:00,24,44,4
2024-08-18 23:00:00,21,50,3
2024-08-19 00:00:00,9,14,1
2024-08-19 01:00:00,3,10,0
2024-08-19 02:00:00,7,5,1
2024-08-19 03:00:00,1,6,0
2024-08-19 04:00:00,2,4,1
2024-08-19 05:00:00,6,20,9
2024-08-19 06:00:00,47,35,19
2024-08-19 07:00:00,69,74,49
2024-08-19 08:00:00,43,73,35
2024-08-19 09:00:00,52,36,16
2024-08-19 10:00:00,106,54,22
2024-08-19 11:00:00,207,54,24
2024-08-19 12:00:00,221,70,24
2024-08-19 13:00:00,145,79,19
2024-08-19 14:00:00,86,58,26
2024-08-19 15:00:00,114,46,22
2024-08-19 16:00:00,105,68,69
2024-08-19 17:00:00,61,65,40
2024-08-19 18:00:00,49,95,19
2024-08-19 19:00:00,55,32,11
2024-08-19 20:00:00,44,48,5
2024-08-19 21:00:00,31,64,3
2024-08-19 22:00:00,35,44,3
2024-08-19 23:00:00,18,24,4
2024-08-20 00:00:00,2,14,0
2024-08-20 01:00:00,5,5,0
2024-08-20 02:00:00,1,8,0
2024-08-20 03:00:00,0,7,0
2024-08-20 04:00:00,1,11,3
2024-08-20 05:00:00,16,17,10
2024-08-20 06:00:00,40,49,17
2024-08-20 07:00:00,60,58,51
2024-08-20 08:00:00,56,73,47
2024-08-20 09:00:00,78,53,13
2024-08-20 10:00:00,75,58,14
2024-08-20 11:00:00,219,59,31
2024-08-20 12:00:00,178,58,27
2024-08-20 13:00:00,115,66,27
2024-08-20 14:00:00,96,59,26
2024-08-20 15:00:00,78,70,28
2024-08-20 16:00:00,107,93,72
2024-08-20 17:00:00,94,131,42
2024-08-20 18:00:00,83,114,36
2024-08-20 19:00:00,60,80,24
2024-08-20 20:00:00,58,99,10
2024-08-20 21:00:00,59,113,9
2024-08-20 22:00:00,40,105,8
2024-08-20 23:00:00,26,84,7
2024-08-21 00:00:00,11,29,3
2024-08-21 01:00:00,10,20,0
2024-08-21 02:00:00,7,11,1
2024-08-21 03:00:00,4,6,0
2024-08-21 04:00:00,3,5,4
2024-08-21 05:00:00,12,16,6
2024-08-21 06:00:00,31,53,22
2024-08-21 07:00:00,68,70,48
2024-08-21 08:00:00,56,76,53
2024-08-21 09:00:00,55,56,21
2024-08-21 10:00:00,82,87,20
2024-08-21 11:00:00,182,71,33
2024-08-21 12:00:00,221,58,32
2024-08-21 13:00:00,143,81,38
2024-08-21 14:00:00,86,88,21
2024-08-21 15:00:00,105,75,39
2024-08-21 16:00:00,140,88,77
2024-08-21 17:00:00,94,135,39
2024-08-21 18:00:00,78,92,39
2024-08-21 19:00:00,68,98,26
2024-08-21 20:00:00,57,119,11
2024-08-21 21:00:00,45,105,8
2024-08-21 22:00:00,30,103,6
2024-08-21 23:00:00,18,84,3
2024-08-22 00:00:00,11,40,0
2024-08-22 01:00:00,7,11,1
2024-08-22 02:00:00,2,14,0
2024-08-22 03:00:00,3,10,1
2024-08-22 04:00:00,2,5,4
2024-08-22 05:00:00,5,21,3
2024-08-22 06:00:00,31,40,12
2024-08-22 07:00:00,48,61,46
2024-08-22 08:00:00,45,60,31
2024-08-22 09:00:00,55,55,16
2024-08-22 10:00:00,68,54,17
2024-08-22 11:00:00,151,92,14
2024-08-22 12:00:00,195,61,19
2024-08-22 13:00:00,143,50,26
2024-08-22 14:00:00,128,63,18
2024-08-22 15:00:00,79,59,30
2024-08-22 16:00:00,119,108,54
2024-08-22 17:00:00,125,102,51
2024-08-22 18:00:00,127,121,31
2024-08-22 19:00:00,99,88,27
2024-08-22 20:00:00,57,118,7
2024-08-22 21:00:00,65,178,15
2024-08-22 22:00:00,90,128,6
2024-08-22 23:00:00,37,131,4
2024-08-23 00:00:00,10,62,1
2024-08-23 01:00:00,5,21,1
2024-08-23 02:00:00,4,14,0
2024-08-23 03:00:00,2,11,1
2024-08-23 04:00:00,1,11,0
2024-08-23 05:00:00,10,20,9
2024-08-23 06:00:00,15,30,13
2024-08-23 07:00:00,50,48,40
2024-08-23 08:00:00,60,57,25
2024-08-23 09:00:00,75,74,20
2024-08-23 10:00:00,82,77,23
2024-08-23 11:00:00,158,87,27
2024-08-23 12:00:00,194,58,15
2024-08-23 13:00:00,132,88,20
2024-08-23 14:00:00,77,84,39
2024-08-23 15:00:00,96,112,38
2024-08-23 16:00:00,102,92,55
2024-08-23 17:00:00,126,126,49
2024-08-23 18:00:00,95,198,30
2024-08-23 19:00:00,124,132,27
2024-08-23 20:00:00,105,231,11
2024-08-23 21:00:00,120,217,17
2024-08-23 22:00:00,109,259,14
2024-08-23 23:00:00,122,227,10
2024-08-24 00:00:00,69,160,7
2024-08-24 01:00:00,24,63,3
2024-08-24 02:00:00,5,21,1
2024-08-24 03:00:00,3,10,2
2024-08-24 04:00:00,3,9,0
2024-08-24 05:00:00,5,14,1
2024-08-24 06:00:00,7,12,3
2024-08-24 07:00:00,15,22,6
2024-08-24 08:00:00,21,50,7
2024-08-24 09:00:00,33,51,8
2024-08-24 10:00:00,42,78,7
2024-08-24 11:00:00,70,102,11
2024-08-24 12:00:00,104,116,14
2024-08-24 13:00:00,201,110,20
2024-08-24 14:00:00,265,168,51
2024-08-24 15:00:00,260,152,28
2024-08-24 16:00:00,286,195,52
2024-08-24 17:00:00,251,177,18
2024-08-24 18:00:00,277,255,20
2024-08-24 19:00:00,274,234,24
2024-08-24 20:00:00,245,223,14
2024-08-24 21:00:00,239,331,17
2024-08-24 22:00:00,182,370,6
2024-08-24 23:00:00,136,244,3
2024-08-25 00:00:00,55,228,2
2024-08-25 01:00:00,31,150,4
2024-08-25 02:00:00,32,48,1
2024-08-25 03:00:00,13,19,4
2024-08-25 04:00:00,6,20,2
2024-08-25 05:00:00,4,13,2
2024-08-25 06:00:00,3,8,2
2024-08-25 07:00:00,16,13,10
2024-08-25 08:00:00,22,13,6
2024-08-25 09:00:00,38,62,15
2024-08-25 10:00:00,54,64,10
2024-08-25 11:00:00,73,92,20
2024-08-25 12:00:00,69,109,12
2024-08-25 13:00:00,96,108,28
2024-08-25 14:00:00,106,93,17
2024-08-25 15:00:00,129,113,17
2024-08-25 16:00:00,119,156,18
2024-08-25 17:00:00,88,171,30
2024-08-25 18:00:00,100,119,24
2024-08-25 19:00:00,89,134,12
2024-08-25 20:00:00,65,157,8
2024-08-25 21:00:00,80,115,4
2024-08-25 22:00:00,112,115,5
2024-08-25 23:00:00,77,153,6
2024-08-26 00:00:00,27,67,0
2024-08-26 01:00:00,20,56,1
2024-08-26 02:00:00,9,24,0
2024-08-26 03:00:00,2,5,1
2024-08-26 04:00:00,1,2,0
2024-08-26 05:00:00,3,11,2
2024-08-26 06:00:00,11,17,4
2024-08-26 07:00:00,15,16,3
2024-08-26 08:00:00,13,40,14
2024-08-26 09:00:00,48,43,17
2024-08-26 10:00:00,59,84,21
2024-08-26 11:00:00,121,50,17
2024-08-26 12:00:00,117,57,22
2024-08-26 13:00:00,118,53,19
2024-08-26 14:00:00,87,78,40
2024-08-26 15:00:00,87,60,34
2024-08-26 16:00:00,85,73,26
2024-08-26 17:00:00,79,93,39
2024-08-26 18:00:00,60,86,15
2024-08-26 19:00:00,73,58,16
2024-08-26 20:00:00,41,60,13
2024-08-26 21:00:00,39,65,10
2024-08-26 22:00:00,65,44,7
2024-08-26 23:00:00,15,53,6
2024-08-27 00:00:00,8,15,3
2024-08-27 01:00:00,2,22,2
2024-08-27 02:00:00,0,5,1
2024-08-27 03:00:00,4,18,1
2024-08-27 04:00:00,2,8,2
2024-08-27 05:00:00,8,18,6
2024-08-27 06:00:00,29,46,13
2024-08-27 07:00:00,74,47,52
2024-08-27 08:00:00,58,75,58
2024-08-27 09:00:00,64,53,17
2024-08-27 10:00:00,80,67,24
2024-08-27 11:00:00,148,111,18
2024-08-27 12:00:00,213,80,27
2024-08-27 13:00:00,127,77,21
2024-08-27 14:00:00,87,56,28
2024-08-27 15:00:00,74,80,52
2024-08-27 16:00:00,86,94,67
2024-08-27 17:00:00,88,100,48
2024-08-27 18:00:00,90,79,17
2024-08-27 19:00:00,45,69,16
2024-08-27 20:00:00,28,56,10
2024-08-27 21:00:00,41,67,10
2024-08-27 22:00:00,28,66,4
2024-08-27 23:00:00,19,55,2
2024-08-28 00:00:00,7,24,1
2024-08-28 01:00:00,4,8,0
2024-08-28 02:00:00,0,11,1
2024-08-28 03:00:00,5,2,0
2024-08-28 04:00:00,3,7,4
2024-08-28 05:00:00,4,13,9
2024-08-28 06:00:00,49,58,21
2024-08-28 07:00:00,72,67,65
2024-08-28 08:00:00,100,84,41
2024-08-28 09:00:00,93,57,23
2024-08-28 10:00:00,122,51,21
2024-08-28 11:00:00,327,75,22
2024-08-28 12:00:00,348,105,38
2024-08-28 13:00:00,193,84,28
2024-08-28 14:00:00,150,85,29
2024-08-28 15:00:00,163,84,35
2024-08-28 16:00:00,110,94,90
2024-08-28 17:00:00,90,102,62
2024-08-28 18:00:00,64,122,39
2024-08-28 19:00:00,63,106,24
2024-08-28 20:00:00,43,83,7
2024-08-28 21:00:00,64,105,9
2024-08-28 22:00:00,57,107,3
2024-08-28 23:00:00,42,52,2
2024-08-29 00:00:00,13,32,0
2024-08-29 01:00:00,11,12,1
2024-08-29 02:00:00,1,9,1
2024-08-29 03:00:00,4,6,1
2024-08-29 04:00:00,2,10,2
2024-08-29 05:00:00,7,17,7
2024-08-29 06:00:00,54,55,20
2024-08-29 07:00:00,101,65,63
2024-08-29 08:00:00,66,72,46
2024-08-29 09:00:00,75,75,20
2024-08-29 10:00:00,61,55,18
2024-08-29 11:00:00,168,105,23
2024-08-29 12:00:00,225,73,27
2024-08-29 13:00:00,131,92,31
2024-08-29 14:00:00,123,91,32
2024-08-29 15:00:00,131,82,38
2024-08-29 16:00:00,165,124,77
2024-08-29 17:00:00,180,165,50
2024-08-29 18:00:00,150,176,25
2024-08-29 19:00:00,148,130,25
2024-08-29 20:00:00,106,135,14
2024-08-29 21:00:00,137,168,23
2024-08-29 22:00:00,79,93,8
2024-08-29 23:00:00,88,103,15
2024-08-30 00:00:00,13,61,2
2024-08-30 01:00:00,39,27,3
2024-08-30 02:00:00,4,14,2
2024-08-30 03:00:00,2,13,0
2024-08-30 04:00:00,5,13,1
2024-08-30 05:00:00,17,17,6
2024-08-30 06:00:00,21,44,13
2024-08-30 07:00:00,74,68,44
2024-08-30 08:00:00,52,68,24
2024-08-30 09:00:00,89,65,25
2024-08-30 10:00:00,73,64,22
2024-08-30 11:00:00,153,63,14
2024-08-30 12:00:00,153,78,31
2024-08-30 13:00:00,97,70,35
2024-08-30 14:00:00,94,111,23
2024-08-30 15:00:00,99,94,44
2024-08-30 16:00:00,142,122,44
2024-08-30 17:00:00,121,195,62
2024-08-30 18:00:00,166,212,56
2024-08-30 19:00:00,150,215,23
2024-08-30 20:00:00,181,264,16
2024-08-30 21:00:00,196,298,24
2024-08-30 22:00:00,218,220,16
2024-08-30 23:00:00,122,175,5
2024-08-31 00:00:00,86,219,5
2024-08-31 01:00:00,58,89,2
2024-08-31 02:00:00,18,66,3
2024-08-31 03:00:00,9,46,1
2024-08-31 04:00:00,2,15,4
2024-08-31 05:00:00,4,13,3
2024-08-31 06:00:00,12,16,3
2024-08-31 07:00:00,12,26,5
2024-08-31 08:00:00,31,43,15
2024-08-31 09:00:00,68,64,31
2024-08-31 10:00:00,91,77,21
2024-08-31 11:00:00,104,102,29
2024-08-31 12:00:00,111,110,32
2024-08-31 13:00:00,135,166,39
2024-08-31 14:00:00,181,143,19
2024-08-31 15:00:00,134,143,26
2024-08-31 16:00:00,132,173,16
2024-08-31 17:00:00,96,203,28
2024-08-31 18:00:00,125,244,7
2024-08-31 19:00:00,88,230,12
2024-08-31 20:00:00,150,199,20
2024-08-31 21:00:00,159,299,14
2024-08-31 22:00:00,182,206,10
2024-08-31 23:00:00,142,223,4
2024-09-01 00:00:00,98,204,3
2024-09-01 01:00:00,47,88,2
2024-09-01 02:00:00,17,66,1
2024-09-01 03:00:00,6,21,2
2024-09-01 04:00:00,11,28,1
2024-09-01 05:00:00,4,9,1
2024-09-01 06:00:00,13,6,11
2024-09-01 07:00:00,7,17,7
2024-09-01 08:00:00,29,29,12
2024-09-01 09:00:00,36,78,16
2024-09-01 10:00:00,39,58,15
2024-09-01 11:00:00,72,82,11
2024-09-01 12:00:00,76,90,15
2024-09-01 13:00:00,58,107,25
2024-09-01 14:00:00,73,99,14
2024-09-01 15:00:00,33,124,9
2024-09-01 16:00:00,61,113,6
2024-09-01 17:00:00,58,92,18
2024-09-01 18:00:00,57,92,8
2024-09-01 19:00:00,56,92,8
2024-09-01 20:00:00,60,88,9
2024-09-01 21:00:00,41,114,7
2024-09-01 22:00:00,43,43,6
2024-09-01 23:00:00,22,67,5
2024-09-02 00:00:00,5,12,2
2024-09-02 01:00:00,2,11,3
2024-09-02 02:00:00,3,3,2
2024-09-02 03:00:00,2,10,1
2024-09-02 04:00:00,0,7,0
2024-09-02 05:00:00,7,14,3
2024-09-02 06:00:00,23,40,24
2024-09-02 07:00:00,59,62,46
2024-09-02 08:00:00,67,89,25
2024-09-02 09:00:00,57,67,12
2024-09-02 10:00:00,61,72,16
2024-09-02 11:00:00,179,74,14
2024-09-02 12:00:00,204,56,19
2024-09-02 13:00:00,94,59,26
2024-09-02 14:00:00,77,84,25
2024-09-02 15:00:00,74,75,32
2024-09-02 16:00:00,131,64,59
2024-09-02 17:00:00,49,87,33
2024-09-02 18:00:00,46,67,22
2024-09-02 19:00:00,35,71,8
2024-09-02 20:00:00,44,60,9
2024-09-02 21:00:00,28,58,4
2024-09-02 22:00:00,31,28,1
2024-09-02 23:00:00,14,40,2
2024-09-03 00:00:00,9,9,2
2024-09-03 01:00:00,2,6,0
2024-09-03 02:00:00,8,11,0
2024-09-03 03:00:00,2,7,1
2024-09-03 04:00:00,0,10,1
2024-09-03 05:00:00,10,20,8
2024-09-03 06:00:00,14,41,19
2024-09-03 07:00:00,54,89,55
2024-09-03 08:00:00,40,70,33
2024-09-03 09:00:00,45,64,15
2024-09-03 10:00:00,65,65,19
2024-09-03 11:00:00,149,70,21
2024-09-03 12:00:00,173,67,33
2024-09-03 13:00:00,103,72,19
2024-09-03 14:00:00,69,60,23
2024-09-03 15:00:00,62,101,45
2024-09-03 16:00:00,120,108,72
2024-09-03 17:00:00,101,100,45
2024-09-03 18:00:00,85,102,31
2024-09-03 19:00:00,59,76,16
2024-09-03 20:00:00,52,115,28
2024-09-03 21:00:00,57,80,12
2024-09-03 22:00:00,54,90,4
2024-09-03 23:00:00,17,59,6
2024-09-04 00:00:00,7,17,0
2024-09-04 01:00:00,2,13,1
2024-09-04 02:00:00,6,2,1
2024-09-04 03:00:00,1,4,0
2024-09-04 04:00:00,2,6,2
2024-09-04 05:00:00,6,17,10
2024-09-04 06:00:00,17,42,31
2024-09-04 07:00:00,69,64,74
2024-09-04 08:00:00,82,64,34
2024-09-04 09:00:00,100,90,33
2024-09-04 10:00:00,119,64,21
2024-09-04 11:00:00,290,81,19
2024-09-04 12:00:00,255,59,21
2024-09-04 13:00:00,115,74,18
2024-09-04 14:00:00,123,62,19
2024-09-04 15:00:00,71,81,40
2024-09-04 16:00:00,81,73,76
2024-09-04 17:00:00,65,98,43
2024-09-04 18:00:00,76,123,24
2024-09-04 19:00:00,42,89,23
2024-09-04 20:00:00,52,94,13
2024-09-04 21:00:00,57,89,9
2024-09-04 22:00:00,41,112,2
2024-09-04 23:00:00,16,71,2
2024-09-05 00:00:00,15,16,1
2024-09-05 01:00:00,3,21,0
2024-09-05 02:00:00,2,0,1
2024-09-05 03:00:00,3,6,0
2024-09-05 04:00:00,1,18,1
2024-09-05 05:00:00,3,10,2
2024-09-05 06:00:00,24,32,18
2024-09-05 07:00:00,67,66,42
2024-09-05 08:00:00,117,103,34
2024-09-05 09:00:00,90,85,16
2024-09-05 10:00:00,90,79,9
2024-09-05 11:00:00,188,114,14
2024-09-05 12:00:00,243,59,17
2024-09-05 13:00:00,107,102,9
2024-09-05 14:00:00,108,91,12
2024-09-05 15:00:00,93,133,19
2024-09-05 16:00:00,202,156,46
2024-09-05 17:00:00,193,192,35
2024-09-05 18:00:00,71,121,20
2024-09-05 19:00:00,71,128,10
2024-09-05 20:00:00,62,106,5
2024-09-05 21:00:00,74,119,12
2024-09-05 22:00:00,77,91,8
2024-09-05 23:00:00,67,71,5
2024-09-06 00:00:00,28,75,1
2024-09-06 01:00:00,17,27,1
2024-09-06 02:00:00,14,11,0
2024-09-06 03:00:00,3,12,0
2024-09-06 04:00:00,0,10,1
2024-09-06 05:00:00,1,12,10
2024-09-06 06:00:00,11,30,18
2024-09-06 07:00:00,27,106,31
2024-09-06 08:00:00,56,87,16
2024-09-06 09:00:00,49,120,6
2024-09-06 10:00:00,72,101,9
2024-09-06 11:00:00,209,83,10
2024-09-06 12:00:00,170,107,20
2024-09-06 13:00:00,109,97,14
2024-09-06 14:00:00,91,136,20
2024-09-06 15:00:00,130,143,29
2024-09-06 16:00:00,187,198,38
2024-09-06 17:00:00,159,167,37
2024-09-06 18:00:00,145,281,15
2024-09-06 19:00:00,106,231,9
2024-09-06 20:00:00,89,237,2
2024-09-06 21:00:00,75,245,4
2024-09-06 22:00:00,120,218,3
2024-09-06 23:00:00,69,214,3
2024-09-07 00:00:00,51,175,2
2024-09-07 01:00:00,19,64,2
2024-09-07 02:00:00,12,25,2
2024-09-07 03:00:00,8,22,3
2024-09-07 04:00:00,4,10,0
2024-09-07 05:00:00,6,8,2
2024-09-07 06:00:00,15,15,0
2024-09-07 07:00:00,58,30,10
2024-09-07 08:00:00,86,59,7
2024-09-07 09:00:00,229,82,5
2024-09-07 10:00:00,414,181,25
2024-09-07 11:00:00,572,199,15
2024-09-07 12:00:00,565,179,26
2024-09-07 13:00:00,772,209,26
2024-09-07 14:00:00,564,161,23
2024-09-07 15:00:00,569,188,22
2024-09-07 16:00:00,470,186,17
2024-09-07 17:00:00,340,305,13
2024-09-07 18:00:00,267,245,18
2024-09-07 19:00:00,245,248,15
2024-09-07 20:00:00,305,276,17
2024-09-07 21:00:00,259,268,23
2024-09-07 22:00:00,302,305,11
2024-09-07 23:00:00,187,286,5
2024-09-08 00:00:00,98,218,5
2024-09-08 01:00:00,67,127,4
2024-09-08 02:00:00,17,62,1
2024-09-08 03:00:00,6,23,1
2024-09-08 04:00:00,3,14,0
2024-09-08 05:00:00,7,11,3
2024-09-08 06:00:00,5,13,2
2024-09-08 07:00:00,35,16,3
2024-09-08 08:00:00,90,43,11
2024-09-08 09:00:00,182,80,16
2024-09-08 10:00:00,260,91,14
2024-09-08 11:00:00,369,100,13
2024-09-08 12:00:00,311,126,17
2024-09-08 13:00:00,379,160,15
2024-09-08 14:00:00,464,156,15
2024-09-08 15:00:00,364,146,15
2024-09-08 16:00:00,291,149,34
2024-09-08 17:00:00,243,145,17
2024-09-08 18:00:00,172,105,26
2024-09-08 19:00:00,130,91,3
2024-09-08 20:00:00,117,70,8
2024-09-08 21:00:00,125,83,1
2024-09-08 22:00:00,81,48,1
2024-09-08 23:00:00,63,78,2
2024-09-09 00:00:00,50,27,0
2024-09-09 01:00:00,33,26,0
2024-09-09 02:00:00,7,11,0
2024-09-09 03:00:00,7,3,1
2024-09-09 04:00:00,2,12,2
2024-09-09 05:00:00,3,13,8
2024-09-09 06:00:00,17,44,16
2024-09-09 07:00:00,56,57,56
2024-09-09 08:00:00,95,77,34
2024-09-09 09:00:00,123,86,17
2024-09-09 10:00:00,148,72,17
2024-09-09 11:00:00,247,92,30
2024-09-09 12:00:00,285,96,27
2024-09-09 13:00:00,155,60,24
2024-09-09 14:00:00,161,85,28
2024-09-09 15:00:00,151,94,28
2024-09-09 16:00:00,179,153,77
2024-09-09 17:00:00,189,116,67
2024-09-09 18:00:00,160,100,28
2024-09-09 19:00:00,175,68,12
2024-09-09 20:00:00,689,103,14
2024-09-09 21:00:00,243,88,6
2024-09-09 22:00:00,155,61,8
2024-09-09 23:00:00,78,44,4
2024-09-10 00:00:00,43,29,0
2024-09-10 01:00:00,53,11,5
2024-09-10 02:00:00,21,37,1
2024-09-10 03:00:00,8,4,0
2024-09-10 04:00:00,0,8,0
2024-09-10 05:00:00,2,17,7
2024-09-10 06:00:00,18,44,14
2024-09-10 07:00:00,73,67,65
2024-09-10 08:00:00,122,107,40
2024-09-10 09:00:00,106,80,19
2024-09-10 10:00:00,153,70,15
2024-09-10 11:00:00,234,80,18
2024-09-10 12:00:00,231,91,24
2024-09-10 13:00:00,217,96,27
2024-09-10 14:00:00,136,99,20
2024-09-10 15:00:00,113,124,24
2024-09-10 16:00:00,141,176,58
2024-09-10 17:00:00,141,168,29
2024-09-10 18:00:00,135,138,23
2024-09-10 19:00:00,137,81,12
2024-09-10 20:00:00,139,110,11
2024-09-10 21:00:00,229,103,11
2024-09-10 22:00:00,110,82,7
2024-09-10 23:00:00,93,54,7
2024-09-11 00:00:00,58,29,1
2024-09-11 01:00:00,59,19,0
2024-09-11 02:00:00,13,21,0
2024-09-11 03:00:00,3,8,0
2024-09-11 04:00:00,1,7,3
2024-09-11 05:00:00,4,16,8
2024-09-11 06:00:00,13,30,9
2024-09-11 07:00:00,86,66,54
2024-09-11 08:00:00,177,93,36
2024-09-11 09:00:00,140,89,18
2024-09-11 10:00:00,155,108,19
2024-09-11 11:00:00,273,88,19
2024-09-11 12:00:00,259,90,26
2024-09-11 13:00:00,229,89,31
2024-09-11 14:00:00,155,90,31
2024-09-11 15:00:00,164,94,27
2024-09-11 16:00:00,140,111,71
2024-09-11 17:00:00,150,177,63
2024-09-11 18:00:00,135,110,29
2024-09-11 19:00:00,126,115,19
2024-09-11 20:00:00,180,121,12
2024-09-11 21:00:00,157,122,7
2024-09-11 22:00:00,156,69,11
2024-09-11 23:00:00,112,105,3
2024-09-12 00:00:00,82,36,3
2024-09-12 01:00:00,49,23,2
2024-09-12 02:00:00,13,14,0
2024-09-12 03:00:00,5,12,1
2024-09-12 04:00:00,2,15,2
2024-09-12 05:00:00,5,13,2
2024-09-12 06:00:00,16,39,24
2024-09-12 07:00:00,90,40,54
2024-09-12 08:00:00,82,114,39
2024-09-12 09:00:00,99,89,31
2024-09-12 10:00:00,154,86,19
2024-09-12 11:00:00,220,95,26
2024-09-12 12:00:00,252,81,32
2024-09-12 13:00:00,188,96,11
2024-09-12 14:00:00,168,94,27
2024-09-12 15:00:00,173,137,37
2024-09-12 16:00:00,155,116,59
2024-09-12 17:00:00,158,172,51
2024-09-12 18:00:00,165,157,29
2024-09-12 19:00:00,140,103,20
2024-09-12 20:00:00,146,138,17
2024-09-12 21:00:00,289,121,10
2024-09-12 22:00:00,100,130,8
2024-09-12 23:00:00,110,132,4
2024-09-13 00:00:00,64,113,0
2024-09-13 01:00:00,49,52,1
2024-09-13 02:00:00,59,29,1
2024-09-13 03:00:00,26,19,2
2024-09-13 04:00:00,12,15,2
2024-09-13 05:00:00,6,19,6
2024-09-13 06:00:00,10,42,17
2024-09-13 07:00:00,81,68,44
2024-09-13 08:00:00,68,82,40
2024-09-13 09:00:00,122,72,16
2024-09-13 10:00:00,141,65,17
2024-09-13 11:00:00,198,54,38
2024-09-13 12:00:00,197,86,40
2024-09-13 13:00:00,155,116,17
2024-09-13 14:00:00,119,119,35
2024-09-13 15:00:00,145,112,38
2024-09-13 16:00:00,151,158,70
2024-09-13 17:00:00,245,188,31
2024-09-13 18:00:00,188,210,37
2024-09-13 19:00:00,163,245,14
2024-09-13 20:00:00,251,279,10
2024-09-13 21:00:00,223,317,14
2024-09-13 22:00:00,208,292,8
2024-09-13 23:00:00,206,242,7
2024-09-14 00:00:00,86,156,3
2024-09-14 01:00:00,51,69,4
2024-09-14 02:00:00,25,38,1
2024-09-14 03:00:00,17,22,1
2024-09-14 04:00:00,10,13,1
2024-09-14 05:00:00,4,9,2
2024-09-14 06:00:00,8,36,4
2024-09-14 07:00:00,30,28,5
2024-09-14 08:00:00,50,34,16
2024-09-14 09:00:00,65,64,15
2024-09-14 10:00:00,118,97,24
2024-09-14 11:00:00,162,108,26
2024-09-14 12:00:00,155,119,39
2024-09-14 13:00:00,214,144,29
2024-09-14 14:00:00,195,151,24
2024-09-14 15:00:00,250,154,32
2024-09-14 16:00:00,205,187,39
2024-09-14 17:00:00,204,256,25
2024-09-14 18:00:00,249,262,21
2024-09-14 19:00:00,241,263,23
2024-09-14 20:00:00,284,327,13
2024-09-14 21:00:00,379,334,15
2024-09-14 22:00:00,290,314,9
2024-09-14 23:00:00,215,194,7
2024-09-15 00:00:00,114,113,5
2024-09-15 01:00:00,118,149,7
2024-09-15 02:00:00,37,70,5
2024-09-15 03:00:00,19,15,5
2024-09-15 04:00:00,22,13,1
2024-09-15 05:00:00,6,9,1
2024-09-15 06:00:00,7,13,3
2024-09-15 07:00:00,11,22,9
2024-09-15 08:00:00,39,45,11
2024-09-15 09:00:00,49,67,21
2024-09-15 10:00:00,78,88,16
2024-09-15 11:00:00,130,91,11
2024-09-15 12:00:00,127,123,20
2024-09-15 13:00:00,150,113,24
2024-09-15 14:00:00,142,113,27
2024-09-15 15:00:00,159,113,27
2024-09-15 16:00:00,180,131,28
2024-09-15 17:00:00,131,103,22
2024-09-15 18:00:00,149,82,19
2024-09-15 19:00:00,119,81,19
2024-09-15 20:00:00,102,91,16
2024-09-15 21:00:00,85,99,5
2024-09-15 22:00:00,77,61,4
2024-09-15 23:00:00,47,51,2
2024-09-16 00:00:00,34,16,2
2024-09-16 01:00:00,8,9,5
2024-09-16 02:00:00,3,7,2
2024-09-16 03:00:00,5,10,0
2024-09-16 04:00:00,2,8,0
2024-09-16 05:00:00,4,13,7
2024-09-16 06:00:00,18,51,14
2024-09-16 07:00:00,112,77,48
2024-09-16 08:00:00,142,74,42
2024-09-16 09:00:00,125,85,16
2024-09-16 10:00:00,139,103,24
2024-09-16 11:00:00,225,97,25
2024-09-16 12:00:00,243,54,33
2024-09-16 13:00:00,163,94,20
2024-09-16 14:00:00,165,62,26
2024-09-16 15:00:00,170,94,51
2024-09-16 16:00:00,184,92,78
2024-09-16 17:00:00,246,95,65
2024-09-16 18:00:00,168,117,29
2024-09-16 19:00:00,132,73,15
2024-09-16 20:00:00,159,94,20
2024-09-16 21:00:00,169,112,14
2024-09-16 22:00:00,134,114,12
2024-09-16 23:00:00,67,92,6
2024-09-17 00:00:00,21,35,1
2024-09-17 01:00:00,24,21,0
2024-09-17 02:00:00,1,9,1
2024-09-17 03:00:00,8,6,0
2024-09-17 04:00:00,2,12,3
2024-09-17 05:00:00,6,13,9
2024-09-17 06:00:00,23,67,17
2024-09-17 07:00:00,150,64,54
2024-09-17 08:00:00,85,109,34
2024-09-17 09:00:00,106,114,12
2024-09-17 10:00:00,123,103,11
2024-09-17 11:00:00,234,99,28
2024-09-17 12:00:00,288,84,21
2024-09-17 13:00:00,142,87,19
2024-09-17 14:00:00,122,84,28
2024-09-17 15:00:00,149,114,57
2024-09-17 16:00:00,205,147,86
2024-09-17 17:00:00,234,132,60
2024-09-17 18:00:00,236,158,49
2024-09-17 19:00:00,194,103,20
2024-09-17 20:00:00,196,145,25
2024-09-17 21:00:00,177,113,20
2024-09-17 22:00:00,164,95,13
2024-09-17 23:00:00,84,80,3
2024-09-18 00:00:00,40,22,2
2024-09-18 01:00:00,26,21,0
2024-09-18 02:00:00,24,10,1
2024-09-18 03:00:00,4,1,0
2024-09-18 04:00:00,2,10,2
2024-09-18 05:00:00,7,14,8
2024-09-18 06:00:00,11,45,22
2024-09-18 07:00:00,141,64,63
2024-09-18 08:00:00,96,109,34
2024-09-18 09:00:00,117,94,16
2024-09-18 10:00:00,139,99,18
2024-09-18 11:00:00,193,49,27
2024-09-18 12:00:00,184,69,20
2024-09-18 13:00:00,161,66,15
2024-09-18 14:00:00,135,89,48
2024-09-18 15:00:00,158,106,41
2024-09-18 16:00:00,187,115,92
2024-09-18 17:00:00,197,128,55
2024-09-18 18:00:00,212,137,32
2024-09-18 19:00:00,169,104,29
2024-09-18 20:00:00,200,141,28
2024-09-18 21:00:00,196,146,12
2024-09-18 22:00:00,179,155,10
2024-09-18 23:00:00,88,123,3
2024-09-19 00:00:00,57,42,2
2024-09-19 01:00:00,30,28,0
2024-09-19 02:00:00,12,15,7
2024-09-19 03:00:00,4,15,2
2024-09-19 04:00:00,4,7,3
2024-09-19 05:00:00,6,15,4
2024-09-19 06:00:00,19,44,28
2024-09-19 07:00:00,135,77,57
2024-09-19 08:00:00,132,94,36
2024-09-19 09:00:00,115,98,15
2024-09-19 10:00:00,89,80,22
2024-09-19 11:00:00,223,86,26
2024-09-19 12:00:00,222,77,25
2024-09-19 13:00:00,125,89,26
2024-09-19 14:00:00,133,89,27
2024-09-19 15:00:00,189,104,39
2024-09-19 16:00:00,170,150,78
2024-09-19 17:00:00,226,144,60
2024-09-19 18:00:00,396,195,44
2024-09-19 19:00:00,143,138,22
2024-09-19 20:00:00,177,205,26
2024-09-19 21:00:00,180,171,20
2024-09-19 22:00:00,198,157,9
2024-09-19 23:00:00,114,119,5
2024-09-20 00:00:00,49,60,3
2024-09-20 01:00:00,77,34,5
2024-09-20 02:00:00,47,22,5
2024-09-20 03:00:00,5,4,1
2024-09-20 04:00:00,3,13,2
2024-09-20 05:00:00,3,16,7
2024-09-20 06:00:00,20,45,12
2024-09-20 07:00:00,75,74,43
2024-09-20 08:00:00,102,64,28
2024-09-20 09:00:00,104,66,12
2024-09-20 10:00:00,151,98,8
2024-09-20 11:00:00,202,75,24
2024-09-20 12:00:00,242,74,18
2024-09-20 13:00:00,153,96,11
2024-09-20 14:00:00,118,139,21
2024-09-20 15:00:00,134,138,30
2024-09-20 16:00:00,146,163,44
2024-09-20 17:00:00,151,222,36
2024-09-20 18:00:00,212,207,30
2024-09-20 19:00:00,186,222,23
2024-09-20 20:00:00,235,268,27
2024-09-20 21:00:00,293,288,14
2024-09-20 22:00:00,294,280,15
2024-09-20 23:00:00,187,182,8
2024-09-21 00:00:00,147,170,11
2024-09-21 01:00:00,135,87,2
2024-09-21 02:00:00,72,58,2
2024-09-21 03:00:00,10,24,0
2024-09-21 04:00:00,9,8,2
2024-09-21 05:00:00,4,7,2
2024-09-21 06:00:00,7,21,4
2024-09-21 07:00:00,18,28,9
2024-09-21 08:00:00,32,52,13
2024-09-21 09:00:00,35,72,13
2024-09-21 10:00:00,72,115,14
2024-09-21 11:00:00,126,160,22
2024-09-21 12:00:00,160,149,25
2024-09-21 13:00:00,189,170,31
2024-09-21 14:00:00,189,180,30
2024-09-21 15:00:00,217,151,26
2024-09-21 16:00:00,224,139,27
2024-09-21 17:00:00,212,219,31
2024-09-21 18:00:00,252,295,30
2024-09-21 19:00:00,303,298,14
2024-09-21 20:00:00,316,272,13
2024-09-21 21:00:00,331,311,16
2024-09-21 22:00:00,326,284,15
2024-09-21 23:00:00,176,264,4
2024-09-22 00:00:00,190,165,4
2024-09-22 01:00:00,106,127,5
2024-09-22 02:00:00,80,75,3
2024-09-22 03:00:00,23,29,1
2024-09-22 04:00:00,8,30,0
2024-09-22 05:00:00,12,13,1
2024-09-22 06:00:00,5,27,0
2024-09-22 07:00:00,7,28,5
2024-09-22 08:00:00,5,48,5
2024-09-22 09:00:00,14,58,4
2024-09-22 10:00:00,39,102,8
2024-09-22 11:00:00,56,112,5
2024-09-22 12:00:00,75,95,11
2024-09-22 13:00:00,112,94,14
2024-09-22 14:00:00,94,120,14
2024-09-22 15:00:00,87,115,9
2024-09-22 16:00:00,141,104,14
2024-09-22 17:00:00,151,87,13
2024-09-22 18:00:00,109,103,23
2024-09-22 19:00:00,83,96,17
2024-09-22 20:00:00,100,148,24
2024-09-22 21:00:00,106,76,7
2024-09-22 22:00:00,75,44,4
2024-09-22 23:00:00,35,37,1
2024-09-23 00:00:00,20,17,1
2024-09-23 01:00:00,2,10,3
2024-09-23 02:00:00,5,9,0
2024-09-23 03:00:00,1,6,1
2024-09-23 04:00:00,1,10,0
2024-09-23 05:00:00,6,14,4
2024-09-23 06:00:00,13,49,17
2024-09-23 07:00:00,10,20,3
2024-09-23 08:00:00,60,115,26
2024-09-23 09:00:00,70,109,11
2024-09-23 10:00:00,98,70,13
2024-09-23 11:00:00,183,64,12
2024-09-23 12:00:00,128,78,14
2024-09-23 13:00:00,148,87,12
2024-09-23 14:00:00,66,86,18
2024-09-23 15:00:00,104,126,26
2024-09-23 16:00:00,149,124,43
2024-09-23 17:00:00,131,98,25
2024-09-23 18:00:00,94,74,11
2024-09-23 19:00:00,86,50,11
2024-09-23 20:00:00,93,79,17
2024-09-23 21:00:00,118,74,8
2024-09-23 22:00:00,87,52,7
2024-09-23 23:00:00,43,30,3
2024-09-24 00:00:00,18,30,0
2024-09-24 01:00:00,18,7,1
2024-09-24 02:00:00,6,6,1
2024-09-24 03:00:00,3,7,1
2024-09-24 04:00:00,1,6,2
2024-09-24 05:00:00,5,17,6
2024-09-24 06:00:00,16,41,17
2024-09-24 07:00:00,114,94,62
2024-09-24 08:00:00,93,114,37
2024-09-24 09:00:00,94,85,22
2024-09-24 10:00:00,86,59,15
2024-09-24 11:00:00,243,60,29
2024-09-24 12:00:00,233,63,23
2024-09-24 13:00:00,133,89,21
2024-09-24 14:00:00,93,84,20
2024-09-24 15:00:00,103,117,54
2024-09-24 16:00:00,161,141,77
2024-09-24 17:00:00,157,110,46
2024-09-24 18:00:00,157,141,25
2024-09-24 19:00:00,137,99,20
2024-09-24 20:00:00,161,92,10
2024-09-24 21:00:00,111,158,15
2024-09-24 22:00:00,166,97,3
2024-09-24 23:00:00,81,84,0
2024-09-25 00:00:00,38,23,4
2024-09-25 01:00:00,51,33,1
2024-09-25 02:00:00,22,19,0
2024-09-25 03:00:00,9,5,0
2024-09-25 04:00:00,2,5,2
2024-09-25 05:00:00,20,23,7
2024-09-25 06:00:00,38,50,13
2024-09-25 07:00:00,151,95,58
2024-09-25 08:00:00,91,115,47
2024-09-25 09:00:00,101,67,12
2024-09-25 10:00:00,133,97,19
2024-09-25 11:00:00,192,94,30
2024-09-25 12:00:00,179,98,17
2024-09-25 13:00:00,128,92,17
2024-09-25 14:00:00,75,90,22
2024-09-25 15:00:00,63,118,33
2024-09-25 16:00:00,155,171,85
2024-09-25 17:00:00,139,139,45
2024-09-25 18:00:00,134,126,35
2024-09-25 19:00:00,144,130,24
2024-09-25 20:00:00,130,123,11
2024-09-25 21:00:00,143,108,9
2024-09-25 22:00:00,156,101,6
2024-09-25 23:00:00,67,69,2
2024-09-26 00:00:00,43,26,4
2024-09-26 01:00:00,17,27,0
2024-09-26 02:00:00,12,32,1
2024-09-26 03:00:00,4,17,0
2024-09-26 04:00:00,0,14,2
2024-09-26 05:00:00,7,16,4
2024-09-26 06:00:00,21,45,12
2024-09-26 07:00:00,104,90,47
2024-09-26 08:00:00,120,109,38
2024-09-26 09:00:00,66,90,16
2024-09-26 10:00:00,89,103,28
2024-09-26 11:00:00,223,93,21
2024-09-26 12:00:00,248,90,37
2024-09-26 13:00:00,151,95,29
2024-09-26 14:00:00,132,98,22
2024-09-26 15:00:00,129,104,44
2024-09-26 16:00:00,159,177,51
2024-09-26 17:00:00,166,213,28
2024-09-26 18:00:00,117,154,20
2024-09-26 19:00:00,130,152,20
2024-09-26 20:00:00,140,128,8
2024-09-26 21:00:00,209,180,10
2024-09-26 22:00:00,187,120,7
2024-09-26 23:00:00,74,105,1
2024-09-27 00:00:00,51,94,0
2024-09-27 01:00:00,33,78,3
2024-09-27 02:00:00,16,20,0
2024-09-27 03:00:00,3,7,0
2024-09-27 04:00:00,0,13,1
2024-09-27 05:00:00,3,19,8
2024-09-27 06:00:00,17,46,11
2024-09-27 07:00:00,74,86,45
2024-09-27 08:00:00,88,84,32
2024-09-27 09:00:00,105,61,13
2024-09-27 10:00:00,120,67,21
2024-09-27 11:00:00,182,95,15
2024-09-27 12:00:00,234,92,18
2024-09-27 13:00:00,134,140,19
2024-09-27 14:00:00,162,102,18
2024-09-27 15:00:00,153,119,34
2024-09-27 16:00:00,182,174,61
2024-09-27 17:00:00,194,224,39
2024-09-27 18:00:00,173,212,17
2024-09-27 19:00:00,193,227,20
2024-09-27 20:00:00,239,211,15
2024-09-27 21:00:00,269,220,21
2024-09-27 22:00:00,266,242,13
2024-09-27 23:00:00,195,283,7
2024-09-28 00:00:00,137,182,6
2024-09-28 01:00:00,69,109,1
2024-09-28 02:00:00,53,54,1
2024-09-28 03:00:00,22,35,0
2024-09-28 04:00:00,3,14,1
2024-09-28 05:00:00,5,19,5
2024-09-28 06:00:00,9,17,2
2024-09-28 07:00:00,24,42,13
2024-09-28 08:00:00,41,42,19
2024-09-28 09:00:00,65,59,17
2024-09-28 10:00:00,93,112,18
2024-09-28 11:00:00,116,156,17
2024-09-28 12:00:00,167,148,19
2024-09-28 13:00:00,158,157,22
2024-09-28 14:00:00,198,102,25
2024-09-28 15:00:00,251,158,24
2024-09-28 16:00:00,252,210,30
2024-09-28 17:00:00,263,246,21
2024-09-28 18:00:00,275,265,22
2024-09-28 19:00:00,346,302,8
2024-09-28 20:00:00,341,271,9
2024-09-28 21:00:00,406,231,8
2024-09-28 22:00:00,321,331,8
2024-09-28 23:00:00,224,210,4
2024-09-29 00:00:00,110,188,5
2024-09-29 01:00:00,89,124,3
2024-09-29 02:00:00,63,72,6
2024-09-29 03:00:00,25,44,2
2024-09-29 04:00:00,10,17,0
2024-09-29 05:00:00,8,12,2
2024-09-29 06:00:00,5,20,0
2024-09-29 07:00:00,18,34,5
2024-09-29 08:00:00,39,43,3
2024-09-29 09:00:00,51,59,11
2024-09-29 10:00:00,71,56,19
2024-09-29 11:00:00,84,117,14
2024-09-29 12:00:00,115,86,13
2024-09-29 13:00:00,100,82,15
2024-09-29 14:00:00,116,108,16
2024-09-29 15:00:00,129,89,16
2024-09-29 16:00:00,98,121,24
2024-09-29 17:00:00,64,104,8
2024-09-29 18:00:00,45,73,5
2024-09-29 19:00:00,80,82,11
2024-09-29 20:00:00,47,86,5
2024-09-29 21:00:00,40,83,2
2024-09-29 22:00:00,40,56,2
2024-09-29 23:00:00,7,37,0
2024-09-30 00:00:00,15,25,0
2024-09-30 01:00:00,7,10,1
2024-09-30 02:00:00,1,8,0
2024-09-30 03:00:00,1,11,0
2024-09-30 04:00:00,2,7,0
2024-09-30 05:00:00,5,25,8
2024-09-30 06:00:00,19,54,19
2024-09-30 07:00:00,75,80,56
2024-09-30 08:00:00,64,92,30
2024-09-30 09:00:00,61,82,13
2024-09-30 10:00:00,74,54,30
2024-09-30 11:00:00,151,86,20
2024-09-30 12:00:00,181,83,31
2024-09-30 13:00:00,131,65,12
2024-09-30 14:00:00,124,69,24
2024-09-30 15:00:00,102,69,31
2024-09-30 16:00:00,145,117,68
2024-09-30 17:00:00,138,70,49
2024-09-30 18:00:00,172,69,30
2024-09-30 19:00:00,92,102,14
2024-09-30 20:00:00,114,78,13
2024-09-30 21:00:00,131,92,9
2024-09-30 22:00:00,78,49,9
2024-09-30 23:00:00,29,52,2
2024-10-01 00:00:00,24,31,2
2024-10-01 01:00:00,17,15,3
2024-10-01 02:00:00,10,14,0
2024-10-01 03:00:00,2,19,1
2024-10-01 04:00:00,3,11,3
2024-10-01 05:00:00,8,23,5
2024-10-01 06:00:00,19,63,22
2024-10-01 07:00:00,84,66,63
2024-10-01 08:00:00,64,90,44
2024-10-01 09:00:00,129,79,22
2024-10-01 10:00:00,107,70,28
2024-10-01 11:00:00,189,94,28
2024-10-01 12:00:00,237,121,22
2024-10-01 13:00:00,134,74,13
2024-10-01 14:00:00,123,83,23
2024-10-01 15:00:00,140,121,33
2024-10-01 16:00:00,194,113,74
2024-10-01 17:00:00,179,100,44
2024-10-01 18:00:00,173,101,18
2024-10-01 19:00:00,133,72,28
2024-10-01 20:00:00,145,111,9
2024-10-01 21:00:00,119,89,11
2024-10-01 22:00:00,112,83,2
2024-10-01 23:00:00,82,65,1
2024-10-02 00:00:00,21,53,0
2024-10-02 01:00:00,28,45,6
2024-10-02 02:00:00,1,23,1
2024-10-02 03:00:00,1,3,0
2024-10-02 04:00:00,2,6,3
2024-10-02 05:00:00,4,20,5
2024-10-02 06:00:00,28,46,16
2024-10-02 07:00:00,125,58,66
2024-10-02 08:00:00,67,106,30
2024-10-02 09:00:00,106,99,20
2024-10-02 10:00:00,124,82,25
2024-10-02 11:00:00,190,85,29
2024-10-02 12:00:00,280,81,34
2024-10-02 13:00:00,162,56,24
2024-10-02 14:00:00,107,56,19
2024-10-02 15:00:00,125,104,44
2024-10-02 16:00:00,153,149,97
2024-10-02 17:00:00,124,138,61
2024-10-02 18:00:00,177,140,41
2024-10-02 19:00:00,144,118,30
2024-10-02 20:00:00,118,132,17
2024-10-02 21:00:00,156,135,24
2024-10-02 22:00:00,98,94,12
2024-10-02 23:00:00,55,100,5
2024-10-03 00:00:00,59,37,5
2024-10-03 01:00:00,42,16,1
2024-10-03 02:00:00,7,21,0
2024-10-03 03:00:00,2,12,2
2024-10-03 04:00:00,2,10,3
2024-10-03 05:00:00,9,42,6
2024-10-03 06:00:00,27,48,13
2024-10-03 07:00:00,93,83,55
2024-10-03 08:00:00,84,90,35
2024-10-03 09:00:00,83,83,31
2024-10-03 10:00:00,67,74,22
2024-10-03 11:00:00,183,69,33
2024-10-03 12:00:00,204,101,26
2024-10-03 13:00:00,109,73,26
2024-10-03 14:00:00,136,80,30
2024-10-03 15:00:00,143,129,46
2024-10-03 16:00:00,144,155,69
2024-10-03 17:00:00,207,137,47
2024-10-03 18:00:00,138,156,42
2024-10-03 19:00:00,131,122,25
2024-10-03 20:00:00,127,116,17
2024-10-03 21:00:00,132,136,23
2024-10-03 22:00:00,149,128,7
2024-10-03 23:00:00,78,123,6
2024-10-04 00:00:00,61,62,2
2024-10-04 01:00:00,15,48,3
2024-10-04 02:00:00,23,42,1
2024-10-04 03:00:00,8,11,0
2024-10-04 04:00:00,1,9,1
2024-10-04 05:00:00,4,20,5
2024-10-04 06:00:00,17,41,15
2024-10-04 07:00:00,83,56,45
2024-10-04 08:00:00,80,79,33
2024-10-04 09:00:00,83,58,19
2024-10-04 10:00:00,116,69,19
2024-10-04 11:00:00,175,77,23
2024-10-04 12:00:00,205,85,24
2024-10-04 13:00:00,131,90,40
2024-10-04 14:00:00,126,107,40
2024-10-04 15:00:00,146,140,45
2024-10-04 16:00:00,133,143,80
2024-10-04 17:00:00,150,158,43
2024-10-04 18:00:00,167,232,21
2024-10-04 19:00:00,180,244,16
2024-10-04 20:00:00,193,241,19
2024-10-04 21:00:00,243,340,12
2024-10-04 22:00:00,283,297,14
2024-10-04 23:00:00,204,310,7
2024-10-05 00:00:00,109,164,6
2024-10-05 01:00:00,85,63,1
2024-10-05 02:00:00,56,65,5
2024-10-05 03:00:00,22,32,4
2024-10-05 04:00:00,12,26,0
2024-10-05 05:00:00,9,17,2
2024-10-05 06:00:00,12,19,3
2024-10-05 07:00:00,9,37,6
2024-10-05 08:00:00,44,49,21
2024-10-05 09:00:00,73,69,10
2024-10-05 10:00:00,183,91,37
2024-10-05 11:00:00,116,128,37
2024-10-05 12:00:00,227,94,25
2024-10-05 13:00:00,207,111,20
2024-10-05 14:00:00,227,147,39
2024-10-05 15:00:00,204,150,36
2024-10-05 16:00:00,233,236,36
2024-10-05 17:00:00,219,222,34
2024-10-05 18:00:00,247,302,27
2024-10-05 19:00:00,258,275,8
2024-10-05 20:00:00,265,360,7
2024-10-05 21:00:00,318,332,5
2024-10-05 22:00:00,226,345,10
2024-10-05 23:00:00,178,271,7
2024-10-06 00:00:00,138,177,12
2024-10-06 01:00:00,78,150,5
2024-10-06 02:00:00,66,80,2
2024-10-06 03:00:00,11,28,2
2024-10-06 04:00:00,10,25,1
2024-10-06 05:00:00,12,21,1
2024-10-06 06:00:00,9,9,1
2024-10-06 07:00:00,18,24,3
2024-10-06 08:00:00,16,38,17
2024-10-06 09:00:00,52,43,10
2024-10-06 10:00:00,60,78,19
2024-10-06 11:00:00,91,87,11
2024-10-06 12:00:00,114,88,17
2024-10-06 13:00:00,87,90,18
2024-10-06 14:00:00,82,99,21
2024-10-06 15:00:00,93,152,21
2024-10-06 16:00:00,96,100,18
2024-10-06 17:00:00,130,108,24
2024-10-06 18:00:00,87,90,8
2024-10-06 19:00:00,54,77,6
2024-10-06 20:00:00,40,103,1
2024-10-06 21:00:00,53,68,4
2024-10-06 22:00:00,25,69,4
2024-10-06 23:00:00,25,49,3
2024-10-07 00:00:00,18,33,0
2024-10-07 01:00:00,8,21,0
2024-10-07 02:00:00,7,19,0
2024-10-07 03:00:00,5,22,0
2024-10-07 04:00:00,1,3,1
2024-10-07 05:00:00,7,15,5
2024-10-07 06:00:00,17,41,14
2024-10-07 07:00:00,66,75,50
2024-10-07 08:00:00,76,79,40
2024-10-07 09:00:00,91,70,21
2024-10-07 10:00:00,97,60,16
2024-10-07 11:00:00,188,70,16
2024-10-07 12:00:00,264,82,15
2024-10-07 13:00:00,145,63,22
2024-10-07 14:00:00,122,81,15
2024-10-07 15:00:00,112,72,44
2024-10-07 16:00:00,183,132,74
2024-10-07 17:00:00,148,77,49
2024-10-07 18:00:00,125,82,27
2024-10-07 19:00:00,78,86,6
2024-10-07 20:00:00,98,64,5
2024-10-07 21:00:00,81,77,5
2024-10-07 22:00:00,52,64,2
2024-10-07 23:00:00,29,66,3
2024-10-08 00:00:00,8,16,0
2024-10-08 01:00:00,16,12,0
2024-10-08 02:00:00,10,8,0
2024-10-08 03:00:00,4,9,0
2024-10-08 04:00:00,3,6,1
2024-10-08 05:00:00,7,22,3
2024-10-08 06:00:00,13,60,18
2024-10-08 07:00:00,103,49,55
2024-10-08 08:00:00,76,85,41
2024-10-08 09:00:00,84,109,17
2024-10-08 10:00:00,99,97,15
2024-10-08 11:00:00,189,87,29
2024-10-08 12:00:00,132,95,18
2024-10-08 13:00:00,134,106,23
2024-10-08 14:00:00,85,106,5
2024-10-08 15:00:00,104,113,24
2024-10-08 16:00:00,140,187,64
2024-10-08 17:00:00,139,214,33
2024-10-08 18:00:00,122,152,33
2024-10-08 19:00:00,123,103,16
2024-10-08 20:00:00,105,118,10
2024-10-08 21:00:00,96,125,4
2024-10-08 22:00:00,86,84,7
2024-10-08 23:00:00,67,88,2
2024-10-09 00:00:00,42,41,1
2024-10-09 01:00:00,17,10,2
2024-10-09 02:00:00,4,13,0
2024-10-09 03:00:00,4,12,0
2024-10-09 04:00:00,1,15,0
2024-10-09 05:00:00,3,22,5
2024-10-09 06:00:00,9,49,20
2024-10-09 07:00:00,105,60,54
2024-10-09 08:00:00,92,116,39
2024-10-09 09:00:00,96,75,11
2024-10-09 10:00:00,131,84,24
2024-10-09 11:00:00,224,95,22
2024-10-09 12:00:00,260,78,39
2024-10-09 13:00:00,118,77,10
2024-10-09 14:00:00,130,80,22
2024-10-09 15:00:00,122,123,41
2024-10-09 16:00:00,183,143,70
2024-10-09 17:00:00,195,154,32
2024-10-09 18:00:00,545,85,38
2024-10-09 19:00:00,258,48,16
2024-10-09 20:00:00,510,90,14
2024-10-09 21:00:00,124,148,9
2024-10-09 22:00:00,101,100,7
2024-10-09 23:00:00,41,62,1
2024-10-10 00:00:00,25,29,3
2024-10-10 01:00:00,30,33,1
2024-10-10 02:00:00,13,23,0
2024-10-10 03:00:00,3,12,0
2024-10-10 04:00:00,1,15,2
2024-10-10 05:00:00,6,22,3
2024-10-10 06:00:00,25,35,19
2024-10-10 07:00:00,77,64,50
2024-10-10 08:00:00,77,99,35
2024-10-10 09:00:00,81,95,19
2024-10-10 10:00:00,114,95,20
2024-10-10 11:00:00,255,78,23
2024-10-10 12:00:00,294,94,25
2024-10-10 13:00:00,170,90,27
2024-10-10 14:00:00,114,102,31
2024-10-10 15:00:00,112,105,33
2024-10-10 16:00:00,161,136,81
2024-10-10 17:00:00,146,147,48
2024-10-10 18:00:00,119,156,23
2024-10-10 19:00:00,123,137,25
2024-10-10 20:00:00,151,134,20
2024-10-10 21:00:00,156,184,20
2024-10-10 22:00:00,145,99,6
2024-10-10 23:00:00,77,108,7
2024-10-11 00:00:00,54,66,1
2024-10-11 01:00:00,48,43,4
2024-10-11 02:00:00,18,34,0
2024-10-11 03:00:00,4,6,0
2024-10-11 04:00:00,8,12,2
2024-10-11 05:00:00,6,24,12
2024-10-11 06:00:00,12,52,18
2024-10-11 07:00:00,69,51,48
2024-10-11 08:00:00,65,60,33
2024-10-11 09:00:00,68,57,21
2024-10-11 10:00:00,119,62,31
2024-10-11 11:00:00,155,81,29
2024-10-11 12:00:00,210,72,22
2024-10-11 13:00:00,120,105,43
2024-10-11 14:00:00,160,128,42
2024-10-11 15:00:00,167,131,42
2024-10-11 16:00:00,168,149,64
2024-10-11 17:00:00,163,203,54
2024-10-11 18:00:00,183,236,33
2024-10-11 19:00:00,214,251,27
2024-10-11 20:00:00,267,266,13
2024-10-11 21:00:00,334,313,16
2024-10-11 22:00:00,234,312,16
2024-10-11 23:00:00,162,340,10
2024-10-12 00:00:00,117,204,4
2024-10-12 01:00:00,80,111,5
2024-10-12 02:00:00,46,60,6
2024-10-12 03:00:00,26,27,0
2024-10-12 04:00:00,11,15,1
2024-10-12 05:00:00,3,16,5
2024-10-12 06:00:00,6,18,1
2024-10-12 07:00:00,13,38,7
2024-10-12 08:00:00,36,42,17
2024-10-12 09:00:00,48,94,16
2024-10-12 10:00:00,112,93,27
2024-10-12 11:00:00,113,85,33
2024-10-12 12:00:00,149,126,23
2024-10-12 13:00:00,181,130,22
2024-10-12 14:00:00,182,139,27
2024-10-12 15:00:00,191,149,31
2024-10-12 16:00:00,190,180,23
2024-10-12 17:00:00,229,261,18
2024-10-12 18:00:00,212,285,29
2024-10-12 19:00:00,219,343,35
2024-10-12 20:00:00,229,288,21
2024-10-12 21:00:00,345,287,12
2024-10-12 22:00:00,222,305,16
2024-10-12 23:00:00,240,304,5
2024-10-13 00:00:00,139,210,2
2024-10-13 01:00:00,84,169,1
2024-10-13 02:00:00,73,65,0
2024-10-13 03:00:00,27,37,4
2024-10-13 04:00:00,9,16,1
2024-10-13 05:00:00,2,19,1
2024-10-13 06:00:00,5,19,5
2024-10-13 07:00:00,12,22,6
2024-10-13 08:00:00,25,33,11
2024-10-13 09:00:00,49,46,27
2024-10-13 10:00:00,77,42,22
2024-10-13 11:00:00,127,85,22
2024-10-13 12:00:00,136,59,11
2024-10-13 13:00:00,150,48,16
2024-10-13 14:00:00,141,90,18
2024-10-13 15:00:00,159,68,32
2024-10-13 16:00:00,110,91,22
2024-10-13 17:00:00,137,82,27
2024-10-13 18:00:00,101,102,20
2024-10-13 19:00:00,103,62,18
2024-10-13 20:00:00,80,78,9
2024-10-13 21:00:00,71,55,11
2024-10-13 22:00:00,36,35,8
2024-10-13 23:00:00,25,18,4
2024-10-14 00:00:00,6,16,1
2024-10-14 01:00:00,4,18,1
2024-10-14 02:00:00,1,12,0
2024-10-14 03:00:00,0,12,0
2024-10-14 04:00:00,2,5,1
2024-10-14 05:00:00,11,18,3
2024-10-14 06:00:00,10,52,12
2024-10-14 07:00:00,92,76,38
2024-10-14 08:00:00,69,74,33
2024-10-14 09:00:00,66,65,17
2024-10-14 10:00:00,74,61,16
2024-10-14 11:00:00,153,74,26
2024-10-14 12:00:00,168,73,24
2024-10-14 13:00:00,145,68,20
2024-10-14 14:00:00,97,79,27
2024-10-14 15:00:00,170,83,42
2024-10-14 16:00:00,160,122,58
2024-10-14 17:00:00,159,118,24
2024-10-14 18:00:00,113,101,17
2024-10-14 19:00:00,107,80,17
2024-10-14 20:00:00,112,81,17
2024-10-14 21:00:00,98,64,17
2024-10-14 22:00:00,73,39,8
2024-10-14 23:00:00,41,29,1
2024-10-15 00:00:00,16,17,2
2024-10-15 01:00:00,11,15,2
2024-10-15 02:00:00,10,8,0
2024-10-15 03:00:00,4,4,0
2024-10-15 04:00:00,3,7,1
2024-10-15 05:00:00,8,24,3
2024-10-15 06:00:00,20,48,18
2024-10-15 07:00:00,112,83,64
2024-10-15 08:00:00,60,101,52
2024-10-15 09:00:00,74,62,20
2024-10-15 10:00:00,86,74,32
2024-10-15 11:00:00,203,85,26
2024-10-15 12:00:00,192,93,16
2024-10-15 13:00:00,158,73,33
2024-10-15 14:00:00,146,86,18
2024-10-15 15:00:00,143,79,35
2024-10-15 16:00:00,165,135,85
2024-10-15 17:00:00,146,140,41
2024-10-15 18:00:00,129,146,22
2024-10-15 19:00:00,107,126,19
2024-10-15 20:00:00,98,112,14
2024-10-15 21:00:00,79,149,6
2024-10-15 22:00:00,108,87,7
2024-10-15 23:00:00,117,64,4
2024-10-16 00:00:00,55,33,4
2024-10-16 01:00:00,28,19,4
2024-10-16 02:00:00,12,18,0
2024-10-16 03:00:00,2,6,0
2024-10-16 04:00:00,4,14,1
2024-10-16 05:00:00,4,13,3
2024-10-16 06:00:00,11,46,13
2024-10-16 07:00:00,87,92,46
2024-10-16 08:00:00,58,89,34
2024-10-16 09:00:00,72,89,14
2024-10-16 10:00:00,82,75,15
2024-10-16 11:00:00,179,94,13
2024-10-16 12:00:00,168,98,21
2024-10-16 13:00:00,165,94,22
2024-10-16 14:00:00,147,78,18
2024-10-16 15:00:00,111,121,32
2024-10-16 16:00:00,103,130,71
2024-10-16 17:00:00,114,135,23
2024-10-16 18:00:00,72,146,17
2024-10-16 19:00:00,111,101,19
2024-10-16 20:00:00,113,100,10
2024-10-16 21:00:00,96,146,11
2024-10-16 22:00:00,90,144,2
2024-10-16 23:00:00,82,55,2
2024-10-17 00:00:00,31,30,2
2024-10-17 01:00:00,31,26,0
2024-10-17 02:00:00,23,15,0
2024-10-17 03:00:00,7,11,0
2024-10-17 04:00:00,2,11,2
2024-10-17 05:00:00,5,20,3
2024-10-17 06:00:00,22,47,19
2024-10-17 07:00:00,76,76,60
2024-10-17 08:00:00,78,76,38
2024-10-17 09:00:00,67,77,20
2024-10-17 10:00:00,135,86,13
2024-10-17 11:00:00,217,66,17
2024-10-17 12:00:00,274,83,38
2024-10-17 13:00:00,108,76,28
2024-10-17 14:00:00,146,58,28
2024-10-17 15:00:00,129,102,49
2024-10-17 16:00:00,187,141,73
2024-10-17 17:00:00,180,117,45
2024-10-17 18:00:00,163,166,22
2024-10-17 19:00:00,124,110,21
2024-10-17 20:00:00,205,144,15
2024-10-17 21:00:00,202,180,11
2024-10-17 22:00:00,141,136,4
2024-10-17 23:00:00,95,115,2
2024-10-18 00:00:00,60,86,4
2024-10-18 01:00:00,48,65,1
2024-10-18 02:00:00,18,35,5
2024-10-18 03:00:00,4,16,2
2024-10-18 04:00:00,2,16,1
2024-10-18 05:00:00,9,11,7
2024-10-18 06:00:00,15,35,14
2024-10-18 07:00:00,85,66,54
2024-10-18 08:00:00,56,80,34
2024-10-18 09:00:00,92,77,13
2024-10-18 10:00:00,115,89,21
2024-10-18 11:00:00,198,78,18
2024-10-18 12:00:00,217,87,36
2024-10-18 13:00:00,146,86,23
2024-10-18 14:00:00,103,100,19
2024-10-18 15:00:00,152,141,36
2024-10-18 16:00:00,176,190,55
2024-10-18 17:00:00,160,215,24
2024-10-18 18:00:00,184,289,25
2024-10-18 19:00:00,150,204,24
2024-10-18 20:00:00,184,206,19
2024-10-18 21:00:00,208,263,10
2024-10-18 22:00:00,227,264,7
2024-10-18 23:00:00,183,239,1
2024-10-19 00:00:00,56,223,0
2024-10-19 01:00:00,38,137,3
2024-10-19 02:00:00,50,51,1
2024-10-19 03:00:00,25,21,0
2024-10-19 04:00:00,5,14,1
2024-10-19 05:00:00,3,11,0
2024-10-19 06:00:00,4,22,2
2024-10-19 07:00:00,27,30,7
2024-10-19 08:00:00,26,33,10
2024-10-19 09:00:00,46,70,17
2024-10-19 10:00:00,90,54,35
2024-10-19 11:00:00,143,97,19
2024-10-19 12:00:00,155,129,22
2024-10-19 13:00:00,192,119,42
2024-10-19 14:00:00,216,134,20
2024-10-19 15:00:00,205,159,32
2024-10-19 16:00:00,203,149,31
2024-10-19 17:00:00,228,251,18
2024-10-19 18:00:00,226,282,21
2024-10-19 19:00:00,190,289,28
2024-10-19 20:00:00,212,323,15
2024-10-19 21:00:00,306,314,9
2024-10-19 22:00:00,301,319,10
2024-10-19 23:00:00,183,314,14
2024-10-20 00:00:00,130,246,10
2024-10-20 01:00:00,64,110,2
2024-10-20 02:00:00,35,66,0
2024-10-20 03:00:00,25,32,0
2024-10-20 04:00:00,4,23,0
2024-10-20 05:00:00,6,11,1
2024-10-20 06:00:00,2,16,0
2024-10-20 07:00:00,12,13,2
2024-10-20 08:00:00,21,18,6
2024-10-20 09:00:00,32,62,3
2024-10-20 10:00:00,38,77,15
2024-10-20 11:00:00,35,103,3
2024-10-20 12:00:00,96,89,9
2024-10-20 13:00:00,92,96,9
2024-10-20 14:00:00,118,75,15
2024-10-20 15:00:00,104,72,14
2024-10-20 16:00:00,85,78,23
2024-10-20 17:00:00,89,127,23
2024-10-20 18:00:00,75,114,7
2024-10-20 19:00:00,58,77,10
2024-10-20 20:00:00,65,83,7
2024-10-20 21:00:00,53,67,10
2024-10-20 22:00:00,53,48,4
2024-10-20 23:00:00,28,41,6
2024-10-21 00:00:00,7,16,0
2024-10-21 01:00:00,9,6,0
2024-10-21 02:00:00,2,14,1
2024-10-21 03:00:00,2,3,0
2024-10-21 04:00:00,1,2,0
2024-10-21 05:00:00,3,24,5
2024-10-21 06:00:00,12,51,14
2024-10-21 07:00:00,40,84,56
2024-10-21 08:00:00,51,72,36
2024-10-21 09:00:00,38,69,16
2024-10-21 10:00:00,60,43,11
2024-10-21 11:00:00,171,52,21
2024-10-21 12:00:00,144,84,27
2024-10-21 13:00:00,110,68,27
2024-10-21 14:00:00,81,58,34
2024-10-21 15:00:00,95,82,38
2024-10-21 16:00:00,127,100,66
2024-10-21 17:00:00,114,86,38
2024-10-21 18:00:00,92,114,22
2024-10-21 19:00:00,52,99,19
2024-10-21 20:00:00,58,72,10
2024-10-21 21:00:00,46,84,11
2024-10-21 22:00:00,64,86,4
2024-10-21 23:00:00,23,47,2
2024-10-22 00:00:00,24,28,0
2024-10-22 01:00:00,9,9,4
2024-10-22 02:00:00,7,19,4
2024-10-22 03:00:00,5,8,0
2024-10-22 04:00:00,3,13,2
2024-10-22 05:00:00,2,20,3
2024-10-22 06:00:00,21,39,8
2024-10-22 07:00:00,57,71,54
2024-10-22 08:00:00,62,123,56
2024-10-22 09:00:00,51,84,22
2024-10-22 10:00:00,63,86,14
2024-10-22 11:00:00,161,77,29
2024-10-22 12:00:00,174,85,27
2024-10-22 13:00:00,142,86,24
2024-10-22 14:00:00,86,96,24
2024-10-22 15:00:00,82,125,38
2024-10-22 16:00:00,141,135,85
2024-10-22 17:00:00,132,115,33
2024-10-22 18:00:00,120,122,31
2024-10-22 19:00:00,82,103,16
2024-10-22 20:00:00,72,96,12
2024-10-22 21:00:00,99,82,21
2024-10-22 22:00:00,51,76,3
2024-10-22 23:00:00,62,79,1
2024-10-23 00:00:00,34,50,0
2024-10-23 01:00:00,17,17,2
2024-10-23 02:00:00,16,16,0
2024-10-23 03:00:00,18,8,2
2024-10-23 04:00:00,6,7,2
2024-10-23 05:00:00,5,12,2
2024-10-23 06:00:00,16,63,14
2024-10-23 07:00:00,51,70,70
2024-10-23 08:00:00,54,78,36
2024-10-23 09:00:00,64,93,35
2024-10-23 10:00:00,86,73,29
2024-10-23 11:00:00,208,55,30
2024-10-23 12:00:00,169,77,18
2024-10-23 13:00:00,119,76,13
2024-10-23 14:00:00,99,61,28
2024-10-23 15:00:00,76,112,40
2024-10-23 16:00:00,115,149,106
2024-10-23 17:00:00,107,130,41
2024-10-23 18:00:00,117,140,37
2024-10-23 19:00:00,101,115,28
2024-10-23 20:00:00,76,143,12
2024-10-23 21:00:00,111,145,14
2024-10-23 22:00:00,99,99,3
2024-10-23 23:00:00,25,70,2
2024-10-24 00:00:00,31,30,1
2024-10-24 01:00:00,14,19,0
2024-10-24 02:00:00,1,14,0
2024-10-24 03:00:00,8,7,0
2024-10-24 04:00:00,2,8,1
2024-10-24 05:00:00,3,25,3
2024-10-24 06:00:00,11,58,11
2024-10-24 07:00:00,54,81,65
2024-10-24 08:00:00,57,83,44
2024-10-24 09:00:00,47,46,19
2024-10-24 10:00:00,86,53,19
2024-10-24 11:00:00,169,79,24
2024-10-24 12:00:00,212,73,31
2024-10-24 13:00:00,93,54,25
2024-10-24 14:00:00,94,56,25
2024-10-24 15:00:00,76,121,33
2024-10-24 16:00:00,128,171,67
2024-10-24 17:00:00,137,152,33
2024-10-24 18:00:00,100,148,23
2024-10-24 19:00:00,123,131,20
2024-10-24 20:00:00,86,137,23
2024-10-24 21:00:00,104,186,25
2024-10-24 22:00:00,87,139,14
2024-10-24 23:00:00,48,102,6
2024-10-25 00:00:00,28,87,0
2024-10-25 01:00:00,19,52,5
2024-10-25 02:00:00,11,33,2
2024-10-25 03:00:00,2,11,0
2024-10-25 04:00:00,1,7,2
2024-10-25 05:00:00,8,22,3
2024-10-25 06:00:00,11,52,13
2024-10-25 07:00:00,41,54,44
2024-10-25 08:00:00,32,75,19
2024-10-25 09:00:00,47,60,16
2024-10-25 10:00:00,97,64,15
2024-10-25 11:00:00,167,48,29
2024-10-25 12:00:00,233,83,21
2024-10-25 13:00:00,174,115,29
2024-10-25 14:00:00,152,138,29
2024-10-25 15:00:00,152,142,25
2024-10-25 16:00:00,136,194,57
2024-10-25 17:00:00,137,233,37
2024-10-25 18:00:00,175,252,56
2024-10-25 19:00:00,151,227,22
2024-10-25 20:00:00,183,217,11
2024-10-25 21:00:00,240,210,19
2024-10-25 22:00:00,180,250,11
2024-10-25 23:00:00,161,252,10
2024-10-26 00:00:00,77,247,7
2024-10-26 01:00:00,67,109,3
2024-10-26 02:00:00,33,48,2
2024-10-26 03:00:00,6,22,0
2024-10-26 04:00:00,4,29,2
2024-10-26 05:00:00,3,22,4
2024-10-26 06:00:00,11,18,1
2024-10-26 07:00:00,17,40,5
2024-10-26 08:00:00,40,35,10
2024-10-26 09:00:00,69,65,24
2024-10-26 10:00:00,117,65,36
2024-10-26 11:00:00,111,99,33
2024-10-26 12:00:00,161,103,31
2024-10-26 13:00:00,223,168,33
2024-10-26 14:00:00,231,143,43
2024-10-26 15:00:00,212,206,36
2024-10-26 16:00:00,211,198,23
2024-10-26 17:00:00,224,269,26
2024-10-26 18:00:00,192,290,28
2024-10-26 19:00:00,212,251,10
2024-10-26 20:00:00,224,275,18
2024-10-26 21:00:00,272,305,14
2024-10-26 22:00:00,277,318,16
2024-10-26 23:00:00,205,296,2
2024-10-27 00:00:00,155,247,8
2024-10-27 01:00:00,59,140,7
2024-10-27 02:00:00,35,79,0
2024-10-27 03:00:00,33,37,1
2024-10-27 04:00:00,11,35,0
2024-10-27 05:00:00,6,35,2
2024-10-27 06:00:00,5,16,1
2024-10-27 07:00:00,5,25,4
2024-10-27 08:00:00,18,24,4
2024-10-27 09:00:00,34,33,11
2024-10-27 10:00:00,48,68,11
2024-10-27 11:00:00,71,95,27
2024-10-27 12:00:00,100,94,21
2024-10-27 13:00:00,107,86,16
2024-10-27 14:00:00,112,108,40
2024-10-27 15:00:00,118,73,21
2024-10-27 16:00:00,146,102,11
2024-10-27 17:00:00,127,98,19
2024-10-27 18:00:00,104,129,17
2024-10-27 19:00:00,106,96,27
2024-10-27 20:00:00,75,92,18
2024-10-27 21:00:00,72,84,14
2024-10-27 22:00:00,66,81,8
2024-10-27 23:00:00,51,74,1
2024-10-28 00:00:00,37,38,2
2024-10-28 01:00:00,24,28,1
2024-10-28 02:00:00,4,16,0
2024-10-28 03:00:00,5,10,0
2024-10-28 04:00:00,4,8,1
2024-10-28 05:00:00,5,9,2
2024-10-28 06:00:00,3,17,5
2024-10-28 07:00:00,28,60,17
2024-10-28 08:00:00,113,4,45
2024-10-28 09:00:00,137,1,16
2024-10-28 10:00:00,201,1,13
2024-10-28 11:00:00,96,0,0
2024-10-28 12:00:00,70,2,6
2024-10-28 13:00:00,40,1,4
2024-10-28 14:00:00,20,0,3
2024-10-28 15:00:00,21,0,0
2024-10-28 16:00:00,8,0,3
2024-10-28 17:00:00,5,0,16
2024-10-28 18:00:00,1,0,9
2024-10-28 19:00:00,6,0,9
2024-10-28 20:00:00,2,0,6
2024-10-28 21:00:00,1,0,1
2024-10-28 22:00:00,4,0,6
2024-10-28 23:00:00,2,0,1
2024-10-29 00:00:00,2,0,0
2024-10-29 01:00:00,2,0,2
2024-10-29 02:00:00,0,0,0
2024-10-29 03:00:00,0,0,0
2024-10-29 04:00:00,1,0,1
2024-10-29 05:00:00,0,0,1
2024-10-29 06:00:00,2,0,0
2024-10-29 07:00:00,11,0,0
2024-10-29 08:00:00,57,0,2
2024-10-29 09:00:00,13,0,1
2024-10-29 10:00:00,26,0,0
2024-10-29 11:00:00,47,2,0
2024-10-29 12:00:00,110,0,1
2024-10-29 13:00:00,73,0,0
2024-10-29 14:00:00,45,0,1
2024-10-29 15:00:00,55,0,1
2024-10-29 16:00:00,3,0,0
2024-10-29 17:00:00,2,0,1
2024-10-29 18:00:00,0,0,3
2024-10-29 19:00:00,0,0,0
2024-10-29 20:00:00,0,0,0
2024-10-29 21:00:00,0,0,0
2024-10-29 22:00:00,1,0,1
2024-10-29 23:00:00,2,0,0
2024-10-30 00:00:00,0,0,0
2024-10-30 01:00:00,0,0,0
2024-10-30 02:00:00,1,0,0
2024-10-30 03:00:00,0,0,0
2024-10-30 04:00:00,0,0,0
2024-10-30 05:00:00,0,0,0
2024-10-30 06:00:00,0,0,1
2024-10-30 07:00:00,6,0,0
2024-10-30 08:00:00,47,1,1
2024-10-30 09:00:00,25,0,0
2024-10-30 10:00:00,18,0,1
2024-10-30 11:00:00,15,1,3
2024-10-30 12:00:00,7,5,10
2024-10-30 13:00:00,15,0,3
2024-10-30 14:00:00,4,1,1
2024-10-30 15:00:00,30,1,2
2024-10-30 16:00:00,5,0,0
2024-10-30 17:00:00,6,0,1
2024-10-30 18:00:00,1,0,0
2024-10-30 19:00:00,1,0,0
2024-10-30 20:00:00,2,0,0
2024-10-30 21:00:00,2,0,0
2024-10-30 22:00:00,4,0,0
2024-10-30 23:00:00,2,0,0
2024-10-31 00:00:00,0,0,0
2024-10-31 01:00:00,3,0,0
2024-10-31 02:00:00,0,0,0
2024-10-31 03:00:00,0,0,0
2024-10-31 04:00:00,0,0,0
2024-10-31 05:00:00,1,0,0
2024-10-31 06:00:00,0,0,0
2024-10-31 07:00:00,7,0,0
2024-10-31 08:00:00,29,3,3
2024-10-31 09:00:00,42,5,6
2024-10-31 10:00:00,14,0,1
2024-10-31 11:00:00,24,2,0
2024-10-31 12:00:00,28,7,0
2024-10-31 13:00:00,9,0,1
2024-10-31 14:00:00,10,1,4
2024-10-31 15:00:00,12,0,2
2024-10-31 16:00:00,2,0,0
2024-10-31 17:00:00,0,0,1
2024-10-31 18:00:00,2,0,2
2024-10-31 19:00:00,0,0,0
2024-10-31 20:00:00,1,0,0
2024-10-31 21:00:00,2,0,1
2024-10-31 22:00:00,2,0,0
2024-10-31 23:00:00,0,0,0
2024-11-01 00:00:00,0,0,0
2024-11-01 01:00:00,1,0,1
2024-11-01 02:00:00,2,0,0
2024-11-01 03:00:00,0,0,0
2024-11-01 04:00:00,0,0,0
2024-11-01 05:00:00,1,0,0
2024-11-01 06:00:00,0,0,0
2024-11-01 07:00:00,2,0,0
2024-11-01 08:00:00,15,0,4
2024-11-01 09:00:00,51,0,2
2024-11-01 10:00:00,55,0,0
2024-11-01 11:00:00,20,0,0
2024-11-01 12:00:00,20,0,4
2024-11-01 13:00:00,8,0,0
2024-11-01 14:00:00,13,0,0
2024-11-01 15:00:00,37,1,2
2024-11-01 16:00:00,14,0,2
2024-11-01 17:00:00,9,0,1
2024-11-01 18:00:00,9,0,5
2024-11-01 19:00:00,10,0,3
2024-11-01 20:00:00,10,0,2
2024-11-01 21:00:00,19,0,2
2024-11-01 22:00:00,11,0,0
2024-11-01 23:00:00,15,0,3
2024-11-02 00:00:00,3,0,1
2024-11-02 01:00:00,3,0,0
2024-11-02 02:00:00,6,0,0
2024-11-02 03:00:00,2,0,0
2024-11-02 04:00:00,2,0,0
2024-11-02 05:00:00,11,0,0
2024-11-02 06:00:00,1,0,1
2024-11-02 07:00:00,0,0,0
2024-11-02 08:00:00,0,0,0
2024-11-02 09:00:00,1,0,0
2024-11-02 10:00:00,3,0,0
2024-11-02 11:00:00,5,0,0
2024-11-02 12:00:00,5,0,2
2024-11-02 13:00:00,10,0,0
2024-11-02 14:00:00,4,0,0
2024-11-02 15:00:00,6,0,1
2024-11-02 16:00:00,2,0,0
2024-11-02 17:00:00,7,0,4
2024-11-02 18:00:00,11,0,2
2024-11-02 19:00:00,12,0,4
2024-11-02 20:00:00,7,0,1
2024-11-02 21:00:00,5,0,2
2024-11-02 22:00:00,18,0,1
2024-11-02 23:00:00,222,0,6
2024-11-03 00:00:00,166,0,7
2024-11-03 01:00:00,136,0,2
2024-11-03 02:00:00,99,0,0
2024-11-03 03:00:00,45,0,1
2024-11-03 04:00:00,6,1,0
2024-11-03 05:00:00,1,0,0
2024-11-03 06:00:00,2,0,0
2024-11-03 07:00:00,0,0,0
2024-11-03 08:00:00,2,0,2
2024-11-03 09:00:00,2,0,0
2024-11-03 10:00:00,3,0,1
2024-11-03 11:00:00,4,0,2
2024-11-03 12:00:00,6,0,0
2024-11-03 13:00:00,6,0,0
2024-11-03 14:00:00,3,0,4
2024-11-03 15:00:00,5,0,5
2024-11-03 16:00:00,16,0,0
2024-11-03 17:00:00,3,0,5
2024-11-03 18:00:00,12,0,9
2024-11-03 19:00:00,4,0,3
2024-11-03 20:00:00,13,0,0
2024-11-03 21:00:00,3,0,0
2024-11-03 22:00:00,1,0,2
2024-11-03 23:00:00,2,0,0
2024-11-04 00:00:00,5,0,0
2024-11-04 01:00:00,4,0,1
2024-11-04 02:00:00,2,0,0
2024-11-04 03:00:00,0,0,0
2024-11-04 04:00:00,0,0,0
2024-11-04 05:00:00,1,0,0
2024-11-04 06:00:00,0,0,0
2024-11-04 07:00:00,10,0,0
2024-11-04 08:00:00,43,0,4
2024-11-04 09:00:00,42,0,2
2024-11-04 10:00:00,13,0,2
2024-11-04 11:00:00,14,0,2
2024-11-04 12:00:00,21,2,2
2024-11-04 13:00:00,19,1,2
2024-11-04 14:00:00,8,0,1
2024-11-04 15:00:00,25,5,2
2024-11-04 16:00:00,7,0,1
2024-11-04 17:00:00,4,0,1
2024-11-04 18:00:00,9,0,0
2024-11-04 19:00:00,3,0,1
2024-11-04 20:00:00,5,0,1
2024-11-04 21:00:00,2,0,3
2024-11-04 22:00:00,0,0,0
2024-11-04 23:00:00,4,0,0
2024-11-05 00:00:00,1,0,0
2024-11-05 01:00:00,0,0,0
2024-11-05 02:00:00,0,0,0
2024-11-05 03:00:00,0,0,1
2024-11-05 04:00:00,0,0,0
2024-11-05 05:00:00,0,0,0
2024-11-05 06:00:00,1,0,0
2024-11-05 07:00:00,2,0,0
2024-11-05 08:00:00,47,0,3
2024-11-05 09:00:00,19,0,0
2024-11-05 10:00:00,12,0,0
2024-11-05 11:00:00,1,0,2
2024-11-05 12:00:00,11,0,0
2024-11-05 13:00:00,14,0,0
2024-11-05 14:00:00,14,1,3
2024-11-05 15:00:00,29,1,1
2024-11-05 16:00:00,10,0,1
2024-11-05 17:00:00,7,0,1
2024-11-05 18:00:00,5,0,0
2024-11-05 19:00:00,11,0,0
2024-11-05 20:00:00,28,0,0
2024-11-05 21:00:00,3,0,0
2024-11-05 22:00:00,2,0,0
2024-11-05 23:00:00,3,0,0
2024-11-06 00:00:00,2,0,0
2024-11-06 01:00:00,3,0,0
2024-11-06 02:00:00,0,0,0
2024-11-06 03:00:00,0,0,0
2024-11-06 04:00:00,0,0,0
2024-11-06 05:00:00,0,0,0
2024-11-06 06:00:00,0,0,0
2024-11-06 07:00:00,1,0,0
2024-11-06 08:00:00,34,0,1
2024-11-06 09:00:00,62,0,1
2024-11-06 10:00:00,52,0,1
2024-11-06 11:00:00,20,0,1
2024-11-06 12:00:00,10,0,6
2024-11-06 13:00:00,10,0,0
2024-11-06 14:00:00,7,0,2
2024-11-06 15:00:00,35,1,7
2024-11-06 16:00:00,1,0,1
2024-11-06 17:00:00,2,0,0
2024-11-06 18:00:00,0,0,0
2024-11-06 19:00:00,1,0,1
2024-11-06 20:00:00,0,0,0
2024-11-06 21:00:00,4,0,0
2024-11-06 22:00:00,6,0,0
2024-11-06 23:00:00,1,0,0
2024-11-07 00:00:00,1,0,0
2024-11-07 01:00:00,0,0,0
2024-11-07 02:00:00,1,0,0
2024-11-07 03:00:00,0,0,0
2024-11-07 04:00:00,0,0,0
2024-11-07 05:00:00,0,0,0
2024-11-07 06:00:00,0,0,0
2024-11-07 07:00:00,11,0,2
2024-11-07 08:00:00,7,0,1
2024-11-07 09:00:00,32,0,0
2024-11-07 10:00:00,36,0,1
2024-11-07 11:00:00,43,0,0
2024-11-07 12:00:00,25,0,0
2024-11-07 13:00:00,35,0,1
2024-11-07 14:00:00,18,0,0
2024-11-07 15:00:00,12,0,3
2024-11-07 16:00:00,2,0,0
2024-11-07 17:00:00,5,0,2
2024-11-07 18:00:00,6,0,0
2024-11-07 19:00:00,3,0,0
2024-11-07 20:00:00,1,0,1
2024-11-07 21:00:00,3,0,0
2024-11-07 22:00:00,7,0,0
2024-11-07 23:00:00,2,0,0
2024-11-08 00:00:00,0,0,0
2024-11-08 01:00:00,0,0,0
2024-11-08 02:00:00,1,0,0
2024-11-08 03:00:00,0,0,0
2024-11-08 04:00:00,0,0,0
2024-11-08 05:00:00,0,0,0
2024-11-08 06:00:00,0,0,0
2024-11-08 07:00:00,14,0,3
2024-11-08 08:00:00,28,0,2
2024-11-08 09:00:00,20,0,1
2024-11-08 10:00:00,46,3,0
2024-11-08 11:00:00,19,0,1
2024-11-08 12:00:00,6,0,0
2024-11-08 13:00:00,14,0,0
2024-11-08 14:00:00,20,0,0
2024-11-08 15:00:00,48,0,3
2024-11-08 16:00:00,3,0,0
2024-11-08 17:00:00,2,0,0
2024-11-08 18:00:00,1,0,0
2024-11-08 19:00:00,70,0,0
2024-11-08 20:00:00,2,0,0
2024-11-08 21:00:00,3,0,0
2024-11-08 22:00:00,5,0,0
2024-11-08 23:00:00,2,0,0
2024-11-09 00:00:00,1,0,0
2024-11-09 01:00:00,1,0,0
2024-11-09 02:00:00,0,0,0
2024-11-09 03:00:00,1,0,0
2024-11-09 04:00:00,0,0,0
2024-11-09 05:00:00,2,0,0
2024-11-09 06:00:00,0,0,0
2024-11-09 07:00:00,0,0,0
2024-11-09 08:00:00,0,0,1
2024-11-09 09:00:00,2,0,0
2024-11-09 10:00:00,0,0,0
2024-11-09 11:00:00,2,0,0
2024-11-09 12:00:00,7,0,0
2024-11-09 13:00:00,3,0,1
2024-11-09 14:00:00,9,0,0
2024-11-09 15:00:00,3,0,0
2024-11-09 16:00:00,4,0,0
2024-11-09 17:00:00,7,0,0
2024-11-09 18:00:00,8,0,0
2024-11-09 19:00:00,3,0,0
2024-11-09 20:00:00,3,0,1
2024-11-09 21:00:00,7,0,0
2024-11-09 22:00:00,6,0,0
2024-11-09 23:00:00,2,0,0
2024-11-10 00:00:00,0,0,0
2024-11-10 01:00:00,9,0,0
2024-11-10 02:00:00,0,0,0
2024-11-10 03:00:00,2,0,0
2024-11-10 04:00:00,0,0,0
2024-11-10 05:00:00,0,0,0
2024-11-10 06:00:00,0,0,0
2024-11-10 07:00:00,0,0,0
2024-11-10 08:00:00,0,0,0
2024-11-10 09:00:00,2,0,0
2024-11-10 10:00:00,3,0,1
2024-11-10 11:00:00,4,0,1
2024-11-10 12:00:00,5,0,0
2024-11-10 13:00:00,0,0,0
2024-11-10 14:00:00,3,0,1
2024-11-10 15:00:00,3,0,1
2024-11-10 16:00:00,2,0,0
2024-11-10 17:00:00,3,0,0
2024-11-10 18:00:00,1,0,1
2024-11-10 19:00:00,1,0,0
2024-11-10 20:00:00,2,0,0
2024-11-10 21:00:00,3,0,0
2024-11-10 22:00:00,1,0,1
2024-11-10 23:00:00,0,0,0
2024-11-11 00:00:00,2,0,1
2024-11-11 01:00:00,0,0,0
2024-11-11 02:00:00,0,0,0
2024-11-11 03:00:00,0,0,1
2024-11-11 04:00:00,0,0,0
2024-11-11 05:00:00,0,0,0
2024-11-11 06:00:00,13,0,0
2024-11-11 07:00:00,3,0,0
2024-11-11 08:00:00,44,0,5
2024-11-11 09:00:00,14,0,0
2024-11-11 10:00:00,11,0,0
2024-11-11 11:00:00,12,0,0
2024-11-11 12:00:00,21,2,0
2024-11-11 13:00:00,15,0,0
2024-11-11 14:00:00,23,0,0
2024-11-11 15:00:00,21,0,3
2024-11-11 16:00:00,33,0,1
2024-11-11 17:00:00,0,0,0
2024-11-11 18:00:00,4,0,0
2024-11-11 19:00:00,2,0,1
2024-11-11 20:00:00,1,0,1
2024-11-11 21:00:00,0,0,1
2024-11-11 22:00:00,1,0,0
2024-11-11 23:00:00,1,0,0
2024-11-12 00:00:00,0,0,0
2024-11-12 01:00:00,0,0,0
2024-11-12 02:00:00,0,0,0
2024-11-12 03:00:00,0,0,0
2024-11-12 04:00:00,0,0,0
2024-11-12 05:00:00,0,0,0
2024-11-12 06:00:00,0,0,0
2024-11-12 07:00:00,7,0,0
2024-11-12 08:00:00,48,1,2
2024-11-12 09:00:00,29,0,1
2024-11-12 10:00:00,44,0,0
2024-11-12 11:00:00,39,0,2
2024-11-12 12:00:00,28,0,0
2024-11-12 13:00:00,63,0,3
2024-11-12 14:00:00,15,0,4
2024-11-12 15:00:00,43,0,4
2024-11-12 16:00:00,10,0,0
2024-11-12 17:00:00,1,0,0
2024-11-12 18:00:00,2,0,0
2024-11-12 19:00:00,0,0,0
2024-11-12 20:00:00,0,0,0
2024-11-12 21:00:00,0,0,0
2024-11-12 22:00:00,0,0,0
2024-11-12 23:00:00,1,0,0
2024-11-13 00:00:00,0,0,0
2024-11-13 01:00:00,0,0,0
2024-11-13 02:00:00,0,0,0
2024-11-13 03:00:00,2,0,0
2024-11-13 04:00:00,0,0,0
2024-11-13 05:00:00,0,0,1
2024-11-13 06:00:00,0,3,0
2024-11-13 07:00:00,23,0,1
2024-11-13 08:00:00,119,0,3
2024-11-13 09:00:00,126,0,1
2024-11-13 10:00:00,95,0,2
2024-11-13 11:00:00,22,0,1
2024-11-13 12:00:00,35,1,0
2024-11-13 13:00:00,73,0,5
2024-11-13 14:00:00,51,0,1
2024-11-13 15:00:00,40,0,6
2024-11-13 16:00:00,2,0,0
2024-11-13 17:00:00,3,0,0
2024-11-13 18:00:00,2,0,0
2024-11-13 19:00:00,1,0,0
2024-11-13 20:00:00,0,0,1
2024-11-13 21:00:00,0,0,0
2024-11-13 22:00:00,0,0,0
2024-11-13 23:00:00,0,0,0
2024-11-14 00:00:00,0,0,0
2024-11-14 01:00:00,1,0,0
2024-11-14 02:00:00,0,0,0
2024-11-14 03:00:00,0,0,0
2024-11-14 04:00:00,0,0,0
2024-11-14 05:00:00,1,0,0
2024-11-14 06:00:00,0,0,1
2024-11-14 07:00:00,34,0,0
2024-11-14 08:00:00,123,1,2
2024-11-14 09:00:00,137,0,7
2024-11-14 10:00:00,77,1,3
2024-11-14 11:00:00,41,1,1
2024-11-14 12:00:00,74,2,1
2024-11-14 13:00:00,80,0,0
2024-11-14 14:00:00,75,8,0
2024-11-14 15:00:00,81,0,4
2024-11-14 16:00:00,1,0,0
2024-11-14 17:00:00,0,0,0
2024-11-14 18:00:00,0,0,0
2024-11-14 19:00:00,0,0,0
2024-11-14 20:00:00,2,0,0
2024-11-14 21:00:00,1,0,1
2024-11-14 22:00:00,0,0,3
2024-11-14 23:00:00,2,0,0
2024-11-15 00:00:00,0,0,0
2024-11-15 01:00:00,0,0,0
2024-11-15 02:00:00,0,0,0
2024-11-15 03:00:00,0,0,0
2024-11-15 04:00:00,0,0,0
2024-11-15 05:00:00,0,0,0
2024-11-15 06:00:00,0,0,0
2024-11-15 07:00:00,35,0,1
2024-11-15 08:00:00,183,0,3
2024-11-15 09:00:00,124,2,3
2024-11-15 10:00:00,41,0,0
2024-11-15 11:00:00,135,0,0
2024-11-15 12:00:00,76,0,0
2024-11-15 13:00:00,142,0,1
2024-11-15 14:00:00,99,0,1
2024-11-15 15:00:00,6,1,1
2024-11-15 16:00:00,0,0,0
2024-11-15 17:00:00,2,0,0
2024-11-15 18:00:00,4,0,0
2024-11-15 19:00:00,1,1,0
2024-11-15 20:00:00,1,0,0
2024-11-15 21:00:00,3,0,1
2024-11-15 22:00:00,1,0,0
2024-11-15 23:00:00,0,0,0
2024-11-16 00:00:00,3,0,0
2024-11-16 01:00:00,2,0,0
2024-11-16 02:00:00,0,0,0
2024-11-16 03:00:00,1,0,0
2024-11-16 04:00:00,0,0,0
2024-11-16 05:00:00,0,0,0
2024-11-16 06:00:00,0,0,0
2024-11-16 07:00:00,0,0,0
2024-11-16 08:00:00,0,0,0
2024-11-16 09:00:00,0,0,0
2024-11-16 10:00:00,1,0,0
2024-11-16 11:00:00,3,0,0
2024-11-16 12:00:00,0,0,0
2024-11-16 13:00:00,1,0,0
2024-11-16 14:00:00,2,0,1
2024-11-16 15:00:00,1,0,0
2024-11-16 16:00:00,2,0,1
2024-11-16 17:00:00,3,0,0
2024-11-16 18:00:00,2,0,1
2024-11-16 19:00:00,0,0,0
2024-11-16 20:00:00,1,0,0
2024-11-16 21:00:00,2,0,0
2024-11-16 22:00:00,1,0,1
2024-11-16 23:00:00,4,0,0
2024-11-17 00:00:00,0,0,0
2024-11-17 01:00:00,0,0,0
2024-11-17 02:00:00,1,0,0
2024-11-17 03:00:00,0,0,0
2024-11-17 04:00:00,0,0,0
2024-11-17 05:00:00,0,0,0
2024-11-17 06:00:00,0,0,0
2024-11-17 07:00:00,0,0,0
2024-11-17 08:00:00,0,0,0
2024-11-17 09:00:00,0,0,0
2024-11-17 10:00:00,0,0,0
2024-11-17 11:00:00,0,0,0
2024-11-17 12:00:00,0,0,0
2024-11-17 13:00:00,0,0,0
2024-11-17 14:00:00,0,0,0
2024-11-17 15:00:00,0,0,0
2024-11-17 16:00:00,0,0,0
2024-11-17 17:00:00,2,0,1
2024-11-17 18:00:00,7,0,0
2024-11-17 19:00:00,10,0,0
2024-11-17 20:00:00,3,0,0
2024-11-17 21:00:00,0,0,0
2024-11-17 22:00:00,1,0,0
2024-11-17 23:00:00,0,0,0
2024-11-18 00:00:00,1,0,0
2024-11-18 01:00:00,1,0,0
2024-11-18 02:00:00,1,0,0
2024-11-18 03:00:00,0,0,0
2024-11-18 04:00:00,0,0,0
2024-11-18 05:00:00,0,0,0
2024-11-18 06:00:00,1,0,0
2024-11-18 07:00:00,7,1,2
2024-11-18 08:00:00,109,1,0
2024-11-18 09:00:00,137,0,0
2024-11-18 10:00:00,74,0,0
2024-11-18 11:00:00,74,0,1
2024-11-18 12:00:00,74,3,0
2024-11-18 13:00:00,46,1,16
2024-11-18 14:00:00,38,2,0
2024-11-18 15:00:00,13,0,3
2024-11-18 16:00:00,1,0,1
2024-11-18 17:00:00,3,0,10
2024-11-18 18:00:00,1,0,0
2024-11-18 19:00:00,2,0,1
2024-11-18 20:00:00,2,0,1
2024-11-18 21:00:00,1,0,3
2024-11-18 22:00:00,1,0,0
2024-11-18 23:00:00,2,0,0
2024-11-19 00:00:00,0,0,1
2024-11-19 01:00:00,0,0,0
2024-11-19 02:00:00,3,0,0
2024-11-19 03:00:00,4,0,0
2024-11-19 04:00:00,0,0,0
2024-11-19 05:00:00,0,0,0
2024-11-19 06:00:00,3,0,0
2024-11-19 07:00:00,46,0,3
2024-11-19 08:00:00,90,2,1
2024-11-19 09:00:00,76,2,0
2024-11-19 10:00:00,57,1,1
2024-11-19 11:00:00,20,6,1
2024-11-19 12:00:00,54,5,0
2024-11-19 13:00:00,47,0,0
2024-11-19 14:00:00,25,0,0
2024-11-19 15:00:00,46,0,4
2024-11-19 16:00:00,0,1,0
2024-11-19 17:00:00,2,0,0
2024-11-19 18:00:00,0,0,0
2024-11-19 19:00:00,2,0,0
2024-11-19 20:00:00,0,0,0
2024-11-19 21:00:00,0,0,1
2024-11-19 22:00:00,0,0,0
2024-11-19 23:00:00,0,0,0
2024-11-20 00:00:00,1,0,0
2024-11-20 01:00:00,0,0,0
2024-11-20 02:00:00,0,0,0
2024-11-20 03:00:00,0,0,0
2024-11-20 04:00:00,0,0,0
2024-11-20 05:00:00,0,0,0
2024-11-20 06:00:00,0,0,0
2024-11-20 07:00:00,0,0,0
2024-11-20 08:00:00,53,0,4
2024-11-20 09:00:00,20,0,0
2024-11-20 10:00:00,26,0,0
2024-11-20 11:00:00,68,1,8
2024-11-20 12:00:00,39,0,0
2024-11-20 13:00:00,24,0,0
2024-11-20 14:00:00,57,0,0
2024-11-20 15:00:00,53,1,2
2024-11-20 16:00:00,15,0,0
2024-11-20 17:00:00,0,0,0
2024-11-20 18:00:00,1,0,0
2024-11-20 19:00:00,0,0,0
2024-11-20 20:00:00,4,0,0
2024-11-20 21:00:00,3,0,0
2024-11-20 22:00:00,0,0,0
2024-11-20 23:00:00,1,0,0
2024-11-21 00:00:00,7,0,0
2024-11-21 01:00:00,5,0,0
2024-11-21 02:00:00,4,0,0
2024-11-21 03:00:00,9,0,0
2024-11-21 04:00:00,6,0,0
2024-11-21 05:00:00,11,0,0
2024-11-21 06:00:00,13,0,0
2024-11-21 07:00:00,31,0,0
2024-11-21 08:00:00,89,0,5
2024-11-21 09:00:00,135,0,45
2024-11-21 10:00:00,32,0,0
2024-11-21 11:00:00,49,0,16
2024-11-21 12:00:00,30,0,0
2024-11-21 13:00:00,22,0,2
2024-11-21 14:00:00,10,0,0
2024-11-21 15:00:00,45,0,2
2024-11-21 16:00:00,2,0,0
2024-11-21 17:00:00,4,0,0
2024-11-21 18:00:00,16,0,1
2024-11-21 19:00:00,9,0,2
2024-11-21 20:00:00,4,0,0
2024-11-21 21:00:00,5,0,1
2024-11-21 22:00:00,7,0,1
2024-11-21 23:00:00,4,0,0
2024-11-22 00:00:00,2,0,0
2024-11-22 01:00:00,2,0,0
2024-11-22 02:00:00,1,0,0
2024-11-22 03:00:00,0,0,0
2024-11-22 04:00:00,1,0,0
2024-11-22 05:00:00,0,0,0
2024-11-22 06:00:00,3,0,0
2024-11-22 07:00:00,7,0,3
2024-11-22 08:00:00,66,1,5
2024-11-22 09:00:00,35,0,1
2024-11-22 10:00:00,22,0,0
2024-11-22 11:00:00,23,0,1
2024-11-22 12:00:00,21,1,0
2024-11-22 13:00:00,23,0,0
2024-11-22 14:00:00,25,0,1
2024-11-22 15:00:00,45,0,2
2024-11-22 16:00:00,5,0,1
2024-11-22 17:00:00,5,0,0
2024-11-22 18:00:00,3,0,0
2024-11-22 19:00:00,8,0,0
2024-11-22 20:00:00,5,0,0
2024-11-22 21:00:00,5,0,1
2024-11-22 22:00:00,7,0,0
2024-11-22 23:00:00,9,0,1
2024-11-23 00:00:00,0,0,0
2024-11-23 01:00:00,2,0,0
2024-11-23 02:00:00,1,0,0
2024-11-23 03:00:00,1,0,0
2024-11-23 04:00:00,1,0,0
2024-11-23 05:00:00,0,0,0
2024-11-23 06:00:00,1,0,0
2024-11-23 07:00:00,0,1,0
2024-11-23 08:00:00,11,0,0
2024-11-23 09:00:00,0,0,0
2024-11-23 10:00:00,2,0,0
2024-11-23 11:00:00,5,0,0
2024-11-23 12:00:00,3,0,0
2024-11-23 13:00:00,4,0,0
2024-11-23 14:00:00,2,0,0
2024-11-23 15:00:00,4,0,0
2024-11-23 16:00:00,7,0,0
2024-11-23 17:00:00,0,0,0
2024-11-23 18:00:00,6,0,0
2024-11-23 19:00:00,5,0,0
2024-11-23 20:00:00,6,0,0
2024-11-23 21:00:00,7,0,0
2024-11-23 22:00:00,9,2,2
2024-11-23 23:00:00,3,0,1
2024-11-24 00:00:00,6,0,1
2024-11-24 01:00:00,3,4,0
2024-11-24 02:00:00,3,3,1
2024-11-24 03:00:00,2,0,0
2024-11-24 04:00:00,0,0,1
2024-11-24 05:00:00,0,0,0
2024-11-24 06:00:00,0,0,0
2024-11-24 07:00:00,1,0,0
2024-11-24 08:00:00,13,0,0
2024-11-24 09:00:00,7,0,0
2024-11-24 10:00:00,13,0,0
2024-11-24 11:00:00,2,0,0
2024-11-24 12:00:00,9,0,1
2024-11-24 13:00:00,11,0,2
2024-11-24 14:00:00,1,0,0
2024-11-24 15:00:00,5,0,2
2024-11-24 16:00:00,3,0,2
2024-11-24 17:00:00,2,0,1
2024-11-24 18:00:00,6,0,3
2024-11-24 19:00:00,11,0,3
2024-11-24 20:00:00,4,0,1
2024-11-24 21:00:00,5,0,1
2024-11-24 22:00:00,1,0,2
2024-11-24 23:00:00,2,0,1
2024-11-25 00:00:00,0,0,0
2024-11-25 01:00:00,0,0,0
2024-11-25 02:00:00,0,0,0
2024-11-25 03:00:00,0,0,0
2024-11-25 04:00:00,0,0,0
2024-11-25 05:00:00,0,0,0
2024-11-25 06:00:00,0,0,0
2024-11-25 07:00:00,95,0,1
2024-11-25 08:00:00,160,0,2
2024-11-25 09:00:00,62,0,0
2024-11-25 10:00:00,38,0,0
2024-11-25 11:00:00,19,0,0
2024-11-25 12:00:00,30,0,0
2024-11-25 13:00:00,47,0,1
2024-11-25 14:00:00,41,0,1
2024-11-25 15:00:00,43,1,4
2024-11-25 16:00:00,1,0,1
2024-11-25 17:00:00,6,0,0
2024-11-25 18:00:00,3,0,0
2024-11-25 19:00:00,7,0,0
2024-11-25 20:00:00,2,0,0
2024-11-25 21:00:00,0,0,0
2024-11-25 22:00:00,7,0,0
2024-11-25 23:00:00,0,0,0
2024-11-26 00:00:00,0,0,0
2024-11-26 01:00:00,1,0,0
2024-11-26 02:00:00,0,0,0
2024-11-26 03:00:00,2,0,0
2024-11-26 04:00:00,0,0,0
2024-11-26 05:00:00,0,0,0
2024-11-26 06:00:00,1,0,0
2024-11-26 07:00:00,0,0,0
2024-11-26 08:00:00,93,0,0
2024-11-26 09:00:00,93,0,2
2024-11-26 10:00:00,55,0,0
2024-11-26 11:00:00,44,0,0
2024-11-26 12:00:00,40,0,1
2024-11-26 13:00:00,34,0,0
2024-11-26 14:00:00,52,0,0
2024-11-26 15:00:00,53,0,1
2024-11-26 16:00:00,4,0,0
2024-11-26 17:00:00,5,0,0
2024-11-26 18:00:00,3,0,0
2024-11-26 19:00:00,1,0,0
2024-11-26 20:00:00,8,0,0
2024-11-26 21:00:00,9,0,0
2024-11-26 22:00:00,12,0,1
2024-11-26 23:00:00,5,0,0
2024-11-27 00:00:00,3,0,0
2024-11-27 01:00:00,0,0,0
2024-11-27 02:00:00,0,0,0
2024-11-27 03:00:00,0,0,0
2024-11-27 04:00:00,11,0,296
2024-11-27 05:00:00,24,0,415
2024-11-27 06:00:00,24,0,342
2024-11-27 07:00:00,66,1,3
2024-11-27 08:00:00,79,0,1
2024-11-27 09:00:00,34,0,0
2024-11-27 10:00:00,41,0,0
2024-11-27 11:00:00,29,0,0
2024-11-27 12:00:00,36,0,1
2024-11-27 13:00:00,60,0,0
2024-11-27 14:00:00,15,0,0
2024-11-27 15:00:00,50,0,3
2024-11-27 16:00:00,10,0,0
2024-11-27 17:00:00,1,0,2
2024-11-27 18:00:00,2,0,0
2024-11-27 19:00:00,1,0,1
2024-11-27 20:00:00,0,0,0
2024-11-27 21:00:00,0,0,0
2024-11-27 22:00:00,1,0,0
2024-11-27 23:00:00,0,0,0
2024-11-28 00:00:00,1,0,0
2024-11-28 01:00:00,0,0,0
2024-11-28 02:00:00,0,0,0
2024-11-28 03:00:00,0,0,0
2024-11-28 04:00:00,0,0,0
2024-11-28 05:00:00,0,0,0
2024-11-28 06:00:00,2,0,0
2024-11-28 07:00:00,18,0,0
2024-11-28 08:00:00,61,0,0
2024-11-28 09:00:00,78,0,0
2024-11-28 10:00:00,53,0,0
2024-11-28 11:00:00,41,0,0
2024-11-28 12:00:00,57,0,4
2024-11-28 13:00:00,52,0,1
2024-11-28 14:00:00,80,0,6
2024-11-28 15:00:00,89,1,1
2024-11-28 16:00:00,1,0,0
2024-11-28 17:00:00,0,0,1
2024-11-28 18:00:00,1,0,1
2024-11-28 19:00:00,0,0,1
2024-11-28 20:00:00,2,0,2
2024-11-28 21:00:00,2,0,0
2024-11-28 22:00:00,1,0,0
2024-11-28 23:00:00,0,0,2
2024-11-29 00:00:00,1,0,0
2024-11-29 01:00:00,0,0,1
2024-11-29 02:00:00,0,0,0
2024-11-29 03:00:00,1,0,0
2024-11-29 04:00:00,0,0,0
2024-11-29 05:00:00,0,0,0
2024-11-29 06:00:00,0,0,0
2024-11-29 07:00:00,28,0,3
2024-11-29 08:00:00,95,1,1
2024-11-29 09:00:00,101,0,0
2024-11-29 10:00:00,91,0,0
2024-11-29 11:00:00,22,0,0
2024-11-29 12:00:00,31,0,0
2024-11-29 13:00:00,26,0,0
2024-11-29 14:00:00,45,0,2
2024-11-29 15:00:00,90,1,2
2024-11-29 16:00:00,4,0,0
2024-11-29 17:00:00,2,0,0
2024-11-29 18:00:00,0,0,1
2024-11-29 19:00:00,0,0,0
2024-11-29 20:00:00,2,0,1
2024-11-29 21:00:00,21,0,0
2024-11-29 22:00:00,4,0,0
2024-11-29 23:00:00,3,0,0
2024-11-30 00:00:00,0,0,0
2024-11-30 01:00:00,1,0,0
2024-11-30 02:00:00,0,0,0
2024-11-30 03:00:00,0,0,0
2024-11-30 04:00:00,0,0,0
2024-11-30 05:00:00,0,0,0
2024-11-30 06:00:00,0,0,0
2024-11-30 07:00:00,15,0,0
2024-11-30 08:00:00,31,0,0
2024-11-30 09:00:00,32,0,0
2024-11-30 10:00:00,15,0,0
2024-11-30 11:00:00,30,0,0
2024-11-30 12:00:00,0,0,0
2024-11-30 13:00:00,2,0,0
2024-11-30 14:00:00,3,0,0
2024-11-30 15:00:00,0,0,1
2024-11-30 16:00:00,12,0,0
2024-11-30 17:00:00,43,0,2
2024-11-30 18:00:00,22,0,2
2024-11-30 19:00:00,36,0,0
2024-11-30 20:00:00,5,0,1
2024-11-30 21:00:00,5,0,0
2024-11-30 22:00:00,2,0,0
2024-11-30 23:00:00,2,0,0
2024-12-01 00:00:00,3,0,0
2024-12-01 01:00:00,13,0,0
2024-12-01 02:00:00,22,0,0
2024-12-01 03:00:00,15,0,0
2024-12-01 04:00:00,4,0,0
2024-12-01 05:00:00,1,0,0
2024-12-01 06:00:00,1,0,0
2024-12-01 07:00:00,1,0,0
2024-12-01 08:00:00,0,0,0
2024-12-01 09:00:00,0,0,0
2024-12-01 10:00:00,0,0,0
2024-12-01 11:00:00,0,0,0
2024-12-01 12:00:00,0,0,0
2024-12-01 13:00:00,0,0,0
2024-12-01 14:00:00,0,0,1
2024-12-01 15:00:00,0,0,0
2024-12-01 16:00:00,3,0,0
2024-12-01 17:00:00,0,0,0
2024-12-01 18:00:00,6,0,0
2024-12-01 19:00:00,2,0,0
2024-12-01 20:00:00,1,0,0
2024-12-01 21:00:00,0,0,0
2024-12-01 22:00:00,5,0,0
2024-12-01 23:00:00,0,0,0
2024-12-02 00:00:00,2,0,0
2024-12-02 01:00:00,0,0,0
2024-12-02 02:00:00,0,0,0
2024-12-02 03:00:00,0,0,0
2024-12-02 04:00:00,0,0,0
2024-12-02 05:00:00,0,0,0
2024-12-02 06:00:00,1,0,0
2024-12-02 07:00:00,2,0,0
2024-12-02 08:00:00,51,0,0
2024-12-02 09:00:00,101,0,0
2024-12-02 10:00:00,41,0,0
2024-12-02 11:00:00,92,2,4
2024-12-02 12:00:00,68,5,2
2024-12-02 13:00:00,156,2,2
2024-12-02 14:00:00,141,0,0
2024-12-02 15:00:00,105,3,3
2024-12-02 16:00:00,4,0,0
2024-12-02 17:00:00,16,0,2
2024-12-02 18:00:00,13,0,1
2024-12-02 19:00:00,7,0,36
2024-12-02 20:00:00,9,0,42
2024-12-02 21:00:00,6,0,0
2024-12-02 22:00:00,7,0,2
2024-12-02 23:00:00,1,0,0
2024-12-03 00:00:00,3,0,0
2024-12-03 01:00:00,2,0,0
2024-12-03 02:00:00,0,0,6
2024-12-03 03:00:00,1,0,12
2024-12-03 04:00:00,9,0,85
2024-12-03 05:00:00,6,0,79
2024-12-03 06:00:00,2,0,22
2024-12-03 07:00:00,20,0,0
2024-12-03 08:00:00,116,2,1
2024-12-03 09:00:00,173,1,25
2024-12-03 10:00:00,49,0,3
2024-12-03 11:00:00,51,4,1
2024-12-03 12:00:00,86,5,0
2024-12-03 13:00:00,35,1,1
2024-12-03 14:00:00,64,0,0
2024-12-03 15:00:00,99,1,4
2024-12-03 16:00:00,0,0,0
2024-12-03 17:00:00,0,0,0
2024-12-03 18:00:00,0,0,0
2024-12-03 19:00:00,0,0,0
2024-12-03 20:00:00,0,0,0
2024-12-03 21:00:00,0,0,0
2024-12-03 22:00:00,0,0,0
2024-12-03 23:00:00,0,0,0
2024-12-04 00:00:00,0,0,0
2024-12-04 01:00:00,0,0,0
2024-12-04 02:00:00,0,0,0
2024-12-04 03:00:00,0,0,0
2024-12-04 04:00:00,0,0,0
2024-12-04 05:00:00,0,0,0
2024-12-04 06:00:00,0,0,0
2024-12-04 07:00:00,16,0,0
2024-12-04 08:00:00,63,1,5
2024-12-04 09:00:00,76,1,1
2024-12-04 10:00:00,25,1,1
2024-12-04 11:00:00,74,0,3
2024-12-04 12:00:00,29,0,0
2024-12-04 13:00:00,103,0,1
2024-12-04 14:00:00,45,0,0
2024-12-04 15:00:00,48,0,0
2024-12-04 16:00:00,0,0,0
2024-12-04 17:00:00,4,0,0
2024-12-04 18:00:00,2,0,0
2024-12-04 19:00:00,3,0,1
2024-12-04 20:00:00,2,0,0
2024-12-04 21:00:00,6,0,2
2024-12-04 22:00:00,1,0,0
2024-12-04 23:00:00,1,0,0
2024-12-05 00:00:00,2,0,0
2024-12-05 01:00:00,0,0,0
2024-12-05 02:00:00,0,0,0
2024-12-05 03:00:00,0,0,0
2024-12-05 04:00:00,0,0,1
2024-12-05 05:00:00,0,0,2
2024-12-05 06:00:00,1,0,2
2024-12-05 07:00:00,1,0,0
2024-12-05 08:00:00,38,2,2
2024-12-05 09:00:00,54,0,7
2024-12-05 10:00:00,43,0,1
2024-12-05 11:00:00,52,0,0
2024-12-05 12:00:00,60,0,0
2024-12-05 13:00:00,38,0,0
2024-12-05 14:00:00,97,0,4
2024-12-05 15:00:00,45,3,2
2024-12-05 16:00:00,0,0,4
2024-12-05 17:00:00,2,0,12
2024-12-05 18:00:00,4,0,18
2024-12-05 19:00:00,2,0,5
2024-12-05 20:00:00,3,0,2
2024-12-05 21:00:00,0,0,1
2024-12-05 22:00:00,3,0,0
2024-12-05 23:00:00,3,0,0
2024-12-06 00:00:00,2,0,0
2024-12-06 01:00:00,1,0,0
2024-12-06 02:00:00,0,0,0
2024-12-06 03:00:00,0,0,0
2024-12-06 04:00:00,0,0,0
2024-12-06 05:00:00,0,0,0
2024-12-06 06:00:00,0,0,0
2024-12-06 07:00:00,5,0,0
2024-12-06 08:00:00,105,0,1
2024-12-06 09:00:00,91,0,0
2024-12-06 10:00:00,24,0,0
2024-12-06 11:00:00,95,0,3
2024-12-06 12:00:00,54,1,0
2024-12-06 13:00:00,50,1,0
2024-12-06 14:00:00,90,2,0
2024-12-06 15:00:00,31,0,0
2024-12-06 16:00:00,3,0,3
2024-12-06 17:00:00,3,0,1
2024-12-06 18:00:00,4,0,8
2024-12-06 19:00:00,6,0,9
2024-12-06 20:00:00,2,0,0
2024-12-06 21:00:00,2,0,1
2024-12-06 22:00:00,2,0,1
2024-12-06 23:00:00,3,0,4
2024-12-07 00:00:00,3,0,13
2024-12-07 01:00:00,0,0,0
2024-12-07 02:00:00,2,0,1
2024-12-07 03:00:00,0,0,0
2024-12-07 04:00:00,0,0,1
2024-12-07 05:00:00,0,0,0
2024-12-07 06:00:00,1,0,0
2024-12-07 07:00:00,17,0,4
2024-12-07 08:00:00,19,0,4
2024-12-07 09:00:00,101,0,7
2024-12-07 10:00:00,25,0,0
2024-12-07 11:00:00,15,1,0
2024-12-07 12:00:00,0,0,0
2024-12-07 13:00:00,0,0,0
2024-12-07 14:00:00,0,0,0
2024-12-07 15:00:00,0,0,0
2024-12-07 16:00:00,0,0,1
2024-12-07 17:00:00,1,0,1
2024-12-07 18:00:00,0,0,0
2024-12-07 19:00:00,1,0,1
2024-12-07 20:00:00,0,0,0
2024-12-07 21:00:00,1,0,0
2024-12-07 22:00:00,2,0,0
2024-12-07 23:00:00,0,0,0
2024-12-08 00:00:00,1,0,0
2024-12-08 01:00:00,5,0,0
2024-12-08 02:00:00,3,0,0
2024-12-08 03:00:00,3,0,0
2024-12-08 04:00:00,0,0,0
2024-12-08 05:00:00,0,0,0
2024-12-08 06:00:00,1,0,0
2024-12-08 07:00:00,0,0,0
2024-12-08 08:00:00,0,0,0
2024-12-08 09:00:00,0,0,0
2024-12-08 10:00:00,1,0,0
2024-12-08 11:00:00,1,0,0
2024-12-08 12:00:00,0,0,0
2024-12-08 13:00:00,0,0,0
2024-12-08 14:00:00,0,0,0
2024-12-08 15:00:00,1,0,0
2024-12-08 16:00:00,4,0,0
2024-12-08 17:00:00,3,0,0
2024-12-08 18:00:00,5,0,0
2024-12-08 19:00:00,2,0,0
2024-12-08 20:00:00,0,0,0
2024-12-08 21:00:00,0,0,0
2024-12-08 22:00:00,1,0,0
2024-12-08 23:00:00,0,0,0
2024-12-09 00:00:00,1,0,0
2024-12-09 01:00:00,0,0,0
2024-12-09 02:00:00,0,0,0
2024-12-09 03:00:00,0,0,0
2024-12-09 04:00:00,1,0,0
2024-12-09 05:00:00,1,0,0
2024-12-09 06:00:00,1,0,0
2024-12-09 07:00:00,31,0,0
2024-12-09 08:00:00,127,1,3
2024-12-09 09:00:00,60,0,1
2024-12-09 10:00:00,58,0,1
2024-12-09 11:00:00,63,1,0
2024-12-09 12:00:00,25,0,0
2024-12-09 13:00:00,15,0,0
2024-12-09 14:00:00,49,3,0
2024-12-09 15:00:00,41,6,0
2024-12-09 16:00:00,0,0,0
2024-12-09 17:00:00,1,0,2
2024-12-09 18:00:00,0,0,0
2024-12-09 19:00:00,6,0,0
2024-12-09 20:00:00,2,0,3
2024-12-09 21:00:00,0,0,0
2024-12-09 22:00:00,1,0,0
2024-12-09 23:00:00,2,0,1
2024-12-10 00:00:00,0,0,0
2024-12-10 01:00:00,0,0,0
2024-12-10 02:00:00,0,0,0
2024-12-10 03:00:00,0,0,0
2024-12-10 04:00:00,0,0,0
2024-12-10 05:00:00,0,0,0
2024-12-10 06:00:00,0,0,1
2024-12-10 07:00:00,20,3,14
2024-12-10 08:00:00,3,0,0
2024-12-10 09:00:00,0,0,0
2024-12-10 10:00:00,8,0,0
2024-12-10 11:00:00,4,0,0
2024-12-10 12:00:00,12,0,0
2024-12-10 13:00:00,4,0,0
2024-12-10 14:00:00,8,0,0
2024-12-10 15:00:00,16,0,0
2024-12-10 16:00:00,0,0,0
2024-12-10 17:00:00,1,0,1
2024-12-10 18:00:00,1,0,0
2024-12-10 19:00:00,3,0,0
2024-12-10 20:00:00,3,0,0
2024-12-10 21:00:00,4,0,1
2024-12-10 22:00:00,1,0,0
2024-12-10 23:00:00,0,0,1
2024-12-11 00:00:00,0,0,0
2024-12-11 01:00:00,0,0,0
2024-12-11 02:00:00,0,0,0
2024-12-11 03:00:00,0,0,0
2024-12-11 04:00:00,1,0,0
2024-12-11 05:00:00,0,0,0
2024-12-11 06:00:00,0,0,0
2024-12-11 07:00:00,0,0,0
2024-12-11 08:00:00,7,0,0
2024-12-11 09:00:00,0,0,0
2024-12-11 10:00:00,1,0,0
2024-12-11 11:00:00,4,0,0
2024-12-11 12:00:00,4,0,0
2024-12-11 13:00:00,2,0,0
2024-12-11 14:00:00,9,0,0
2024-12-11 15:00:00,10,0,0
2024-12-11 16:00:00,0,0,0
2024-12-11 17:00:00,0,0,2
2024-12-11 18:00:00,2,0,0
2024-12-11 19:00:00,2,0,0
2024-12-11 20:00:00,0,0,0
2024-12-11 21:00:00,0,0,0
2024-12-11 22:00:00,0,0,0
2024-12-11 23:00:00,2,0,1
2024-12-12 00:00:00,0,0,0
2024-12-12 01:00:00,0,0,0
2024-12-12 02:00:00,1,0,0
2024-12-12 03:00:00,0,0,0
2024-12-12 04:00:00,0,0,0
2024-12-12 05:00:00,1,0,0
2024-12-12 06:00:00,0,0,0
2024-12-12 07:00:00,0,0,0
2024-12-12 08:00:00,12,0,0
2024-12-12 09:00:00,15,0,3
2024-12-12 10:00:00,0,0,0
2024-12-12 11:00:00,30,1,0
2024-12-12 12:00:00,20,0,0
2024-12-12 13:00:00,9,0,0
2024-12-12 14:00:00,0,0,0
2024-12-12 15:00:00,0,0,0
2024-12-12 16:00:00,4,0,0
2024-12-12 17:00:00,3,0,1
2024-12-12 18:00:00,4,0,1
2024-12-12 19:00:00,2,0,2
2024-12-12 20:00:00,16,0,6
2024-12-12 21:00:00,49,0,13
2024-12-12 22:00:00,50,0,5
2024-12-12 23:00:00,27,0,1
2024-12-13 00:00:00,32,0,3
2024-12-13 01:00:00,33,0,1
2024-12-13 02:00:00,23,0,4
2024-12-13 03:00:00,1,0,0
2024-12-13 04:00:00,0,0,0
2024-12-13 05:00:00,1,0,0
2024-12-13 06:00:00,3,1,0
2024-12-13 07:00:00,34,1,5
2024-12-13 08:00:00,22,0,2
2024-12-13 09:00:00,15,0,0
2024-12-13 10:00:00,20,0,0
2024-12-13 11:00:00,21,0,0
2024-12-13 12:00:00,17,0,0
2024-12-13 13:00:00,23,0,0
2024-12-13 14:00:00,8,0,1
2024-12-13 15:00:00,3,0,1
2024-12-13 16:00:00,0,0,6
2024-12-13 17:00:00,1,0,3
2024-12-13 18:00:00,2,0,7
2024-12-13 19:00:00,0,0,7
2024-12-13 20:00:00,1,0,3
2024-12-13 21:00:00,0,0,2
2024-12-13 22:00:00,1,0,3
2024-12-13 23:00:00,2,0,2
2024-12-14 00:00:00,0,0,8
2024-12-14 01:00:00,0,0,3
2024-12-14 02:00:00,0,0,2
2024-12-14 03:00:00,0,0,0
2024-12-14 04:00:00,1,0,1
2024-12-14 05:00:00,1,0,0
2024-12-14 06:00:00,0,0,0
2024-12-14 07:00:00,1,0,1
2024-12-14 08:00:00,4,0,0
2024-12-14 09:00:00,0,0,0
2024-12-14 10:00:00,0,0,0
2024-12-14 11:00:00,0,0,0
2024-12-14 12:00:00,12,0,36
2024-12-14 13:00:00,21,0,5
2024-12-14 14:00:00,3,0,1
2024-12-14 15:00:00,8,0,0
2024-12-14 16:00:00,24,0,4
2024-12-14 17:00:00,0,0,6
2024-12-14 18:00:00,0,0,8
2024-12-14 19:00:00,0,0,9
2024-12-14 20:00:00,1,0,12
2024-12-14 21:00:00,1,0,4
2024-12-14 22:00:00,0,0,2
2024-12-14 23:00:00,2,0,5
2024-12-15 00:00:00,0,0,4
2024-12-15 01:00:00,0,0,2
2024-12-15 02:00:00,0,0,2
2024-12-15 03:00:00,0,0,1
2024-12-15 04:00:00,0,0,0
2024-12-15 05:00:00,0,0,1
2024-12-15 06:00:00,0,0,0
2024-12-15 07:00:00,0,0,0
2024-12-15 08:00:00,0,0,0
2024-12-15 09:00:00,0,0,0
2024-12-15 10:00:00,0,0,0
2024-12-15 11:00:00,0,0,0
2024-12-15 12:00:00,0,0,0
2024-12-15 13:00:00,0,0,0
2024-12-15 14:00:00,0,0,0
2024-12-15 15:00:00,0,0,0
2024-12-15 16:00:00,0,0,4
2024-12-15 17:00:00,0,0,5
2024-12-15 18:00:00,0,0,8
2024-12-15 19:00:00,0,0,12
2024-12-15 20:00:00,1,0,8
2024-12-15 21:00:00,1,0,6
2024-12-15 22:00:00,0,0,6
2024-12-15 23:00:00,0,0,0
2024-12-16 00:00:00,1,0,2
2024-12-16 01:00:00,0,0,1
2024-12-16 02:00:00,0,0,0
2024-12-16 03:00:00,0,0,0
2024-12-16 04:00:00,0,1,1
2024-12-16 05:00:00,2,0,1
2024-12-16 06:00:00,1,0,5
2024-12-16 07:00:00,19,2,3
2024-12-16 08:00:00,95,0,2
2024-12-16 09:00:00,31,0,1
2024-12-16 10:00:00,14,0,0
2024-12-16 11:00:00,19,0,0
2024-12-16 12:00:00,23,0,0
2024-12-16 13:00:00,13,0,0
2024-12-16 14:00:00,23,0,1
2024-12-16 15:00:00,7,0,0
2024-12-16 16:00:00,0,0,1
2024-12-16 17:00:00,2,0,2
2024-12-16 18:00:00,2,0,1
2024-12-16 19:00:00,2,0,3
2024-12-16 20:00:00,1,0,0
2024-12-16 21:00:00,2,0,2
2024-12-16 22:00:00,0,0,2
2024-12-16 23:00:00,0,0,0
2024-12-17 00:00:00,1,0,0
2024-12-17 01:00:00,0,0,0
2024-12-17 02:00:00,0,0,0
2024-12-17 03:00:00,0,0,0
2024-12-17 04:00:00,0,0,0
2024-12-17 05:00:00,0,0,0
2024-12-17 06:00:00,1,0,0
2024-12-17 07:00:00,1,0,1
2024-12-17 08:00:00,14,0,0
2024-12-17 09:00:00,62,0,0
2024-12-17 10:00:00,12,0,0
2024-12-17 11:00:00,24,0,0
2024-12-17 12:00:00,21,0,1
2024-12-17 13:00:00,32,0,2
2024-12-17 14:00:00,33,0,0
2024-12-17 15:00:00,19,0,1
2024-12-17 16:00:00,0,0,0
2024-12-17 17:00:00,0,0,0
2024-12-17 18:00:00,2,0,1
2024-12-17 19:00:00,1,0,0
2024-12-17 20:00:00,2,0,0
2024-12-17 21:00:00,0,0,0
2024-12-17 22:00:00,2,0,1
2024-12-17 23:00:00,0,0,1
2024-12-18 00:00:00,1,0,1
2024-12-18 01:00:00,1,0,1
2024-12-18 02:00:00,0,0,0
2024-12-18 03:00:00,0,0,0
2024-12-18 04:00:00,1,0,0
2024-12-18 05:00:00,0,0,2
2024-12-18 06:00:00,2,0,4
2024-12-18 07:00:00,1,0,1
2024-12-18 08:00:00,30,0,0
2024-12-18 09:00:00,13,0,0
2024-12-18 10:00:00,14,0,0
2024-12-18 11:00:00,74,0,1
2024-12-18 12:00:00,39,0,1
2024-12-18 13:00:00,46,0,0
2024-12-18 14:00:00,54,0,0
2024-12-18 15:00:00,39,0,0
2024-12-18 16:00:00,3,0,2
2024-12-18 17:00:00,2,0,0
2024-12-18 18:00:00,0,1,0
2024-12-18 19:00:00,1,0,11
2024-12-18 20:00:00,0,0,0
2024-12-18 21:00:00,1,0,0
2024-12-18 22:00:00,0,0,1
2024-12-18 23:00:00,0,0,0
2024-12-19 00:00:00,0,0,0
2024-12-19 01:00:00,0,0,0
2024-12-19 02:00:00,0,0,1
2024-12-19 03:00:00,1,0,0
2024-12-19 04:00:00,0,0,0
2024-12-19 05:00:00,0,0,0
2024-12-19 06:00:00,0,0,1
2024-12-19 07:00:00,21,0,0
2024-12-19 08:00:00,51,11,1
2024-12-19 09:00:00,66,14,0
2024-12-19 10:00:00,31,4,0
2024-12-19 11:00:00,28,0,0
2024-12-19 12:00:00,18,1,0
2024-12-19 13:00:00,142,2,0
2024-12-19 14:00:00,19,0,0
2024-12-19 15:00:00,1,0,0
2024-12-19 16:00:00,19,0,6
2024-12-19 17:00:00,25,0,3
2024-12-19 18:00:00,26,0,0
2024-12-19 19:00:00,30,0,4
2024-12-19 20:00:00,27,0,0
2024-12-19 21:00:00,40,0,1
2024-12-19 22:00:00,37,0,8
2024-12-19 23:00:00,47,0,1
2024-12-20 00:00:00,26,0,0
2024-12-20 01:00:00,23,0,0
2024-12-20 02:00:00,11,0,0
2024-12-20 03:00:00,12,0,3
2024-12-20 04:00:00,4,0,0
2024-12-20 05:00:00,4,0,0
2024-12-20 06:00:00,16,0,0
2024-12-20 07:00:00,50,0,6
2024-12-20 08:00:00,29,0,4
2024-12-20 09:00:00,12,0,0
2024-12-20 10:00:00,11,0,0
2024-12-20 11:00:00,8,0,0
2024-12-20 12:00:00,12,0,0
2024-12-20 13:00:00,17,0,0
2024-12-20 14:00:00,15,0,0
2024-12-20 15:00:00,4,0,0
2024-12-20 16:00:00,1,0,1
2024-12-20 17:00:00,8,0,0
2024-12-20 18:00:00,7,0,2
2024-12-20 19:00:00,1,0,25
2024-12-20 20:00:00,3,0,2
2024-12-20 21:00:00,6,0,7
2024-12-20 22:00:00,4,0,6
2024-12-20 23:00:00,5,0,10
2024-12-21 00:00:00,6,0,9
2024-12-21 01:00:00,0,0,3
2024-12-21 02:00:00,0,0,6
2024-12-21 03:00:00,2,0,2
2024-12-21 04:00:00,0,0,4
2024-12-21 05:00:00,0,0,2
2024-12-21 06:00:00,0,0,0
2024-12-21 07:00:00,4,0,2
2024-12-21 08:00:00,4,0,0
2024-12-21 09:00:00,6,0,0
2024-12-21 10:00:00,1,0,0
2024-12-21 11:00:00,0,0,0
2024-12-21 12:00:00,1,0,0
2024-12-21 13:00:00,1,0,1
2024-12-21 14:00:00,0,0,0
2024-12-21 15:00:00,20,0,1
2024-12-21 16:00:00,23,0,0
2024-12-21 17:00:00,23,0,1
2024-12-21 18:00:00,19,0,1
2024-12-21 19:00:00,3,0,1
2024-12-21 20:00:00,55,0,4
2024-12-21 21:00:00,63,0,2
2024-12-21 22:00:00,25,0,1
2024-12-21 23:00:00,38,0,0
2024-12-22 00:00:00,22,0,1
2024-12-22 01:00:00,5,0,2
2024-12-22 02:00:00,1,0,0
2024-12-22 03:00:00,1,0,0
2024-12-22 04:00:00,1,0,0
2024-12-22 05:00:00,1,0,1
2024-12-22 06:00:00,0,0,1
2024-12-22 07:00:00,2,0,0
2024-12-22 08:00:00,2,0,0
2024-12-22 09:00:00,1,0,0
2024-12-22 10:00:00,0,0,0
2024-12-22 11:00:00,0,0,0
2024-12-22 12:00:00,0,0,0
2024-12-22 13:00:00,1,0,0
2024-12-22 14:00:00,2,0,0
2024-12-22 15:00:00,2,0,0
2024-12-22 16:00:00,1,0,0
2024-12-22 17:00:00,4,0,1
2024-12-22 18:00:00,7,0,0
2024-12-22 19:00:00,9,0,0
2024-12-22 20:00:00,7,0,0
2024-12-22 21:00:00,3,0,0
2024-12-22 22:00:00,1,0,0
2024-12-22 23:00:00,1,0,0
2024-12-23 00:00:00,0,0,0
2024-12-23 01:00:00,0,0,0
2024-12-23 02:00:00,0,0,0
2024-12-23 03:00:00,0,0,0
2024-12-23 04:00:00,0,0,0
2024-12-23 05:00:00,0,0,0
2024-12-23 06:00:00,0,0,0
2024-12-23 07:00:00,1,0,0
2024-12-23 08:00:00,1,0,0
2024-12-23 09:00:00,0,0,0
2024-12-23 10:00:00,1,0,0
2024-12-23 11:00:00,3,0,0
2024-12-23 12:00:00,3,0,0
2024-12-23 13:00:00,8,0,0
2024-12-23 14:00:00,3,0,0
2024-12-23 15:00:00,5,0,0
2024-12-23 16:00:00,4,0,0
2024-12-23 17:00:00,2,0,2
2024-12-23 18:00:00,1,0,0
2024-12-23 19:00:00,0,0,1
2024-12-23 20:00:00,4,0,6
2024-12-23 21:00:00,5,0,2
2024-12-23 22:00:00,2,4,1
2024-12-23 23:00:00,60,45,2
2024-12-24 00:00:00,78,50,0
2024-12-24 01:00:00,47,74,0
2024-12-24 02:00:00,18,59,0
2024-12-24 03:00:00,33,53,0
2024-12-24 04:00:00,17,25,1
2024-12-24 05:00:00,9,6,1
2024-12-24 06:00:00,2,13,1
2024-12-24 07:00:00,3,0,5
2024-12-24 08:00:00,0,0,0
2024-12-24 09:00:00,0,0,0
2024-12-24 10:00:00,0,0,0
2024-12-24 11:00:00,0,0,0
2024-12-24 12:00:00,0,0,0
2024-12-24 13:00:00,1,0,0
2024-12-24 14:00:00,0,0,0
2024-12-24 15:00:00,0,0,0
2024-12-24 16:00:00,6,0,2
2024-12-24 17:00:00,1,0,3
2024-12-24 18:00:00,3,0,2
2024-12-24 19:00:00,1,0,2
2024-12-24 20:00:00,1,0,0
2024-12-24 21:00:00,2,0,1
2024-12-24 22:00:00,3,0,1
2024-12-24 23:00:00,2,0,0
2024-12-25 00:00:00,2,0,4
2024-12-25 01:00:00,1,0,1
2024-12-25 02:00:00,0,0,0
2024-12-25 03:00:00,0,0,0
2024-12-25 04:00:00,0,0,0
2024-12-25 05:00:00,0,0,1
2024-12-25 06:00:00,0,0,0
2024-12-25 07:00:00,0,0,0
2024-12-25 08:00:00,0,0,0
2024-12-25 09:00:00,0,0,0
2024-12-25 10:00:00,0,0,0
2024-12-25 11:00:00,0,0,0
2024-12-25 12:00:00,0,0,0
2024-12-25 13:00:00,0,0,0
2024-12-25 14:00:00,0,0,0
2024-12-25 15:00:00,0,0,0
2024-12-25 16:00:00,0,0,0
2024-12-25 17:00:00,0,0,0
2024-12-25 18:00:00,0,0,1
2024-12-25 19:00:00,0,0,0
2024-12-25 20:00:00,0,0,1
2024-12-25 21:00:00,1,0,0
2024-12-25 22:00:00,0,0,0
2024-12-25 23:00:00,3,0,1
2024-12-26 00:00:00,0,0,0
2024-12-26 01:00:00,0,0,0
2024-12-26 02:00:00,1,0,0
2024-12-26 03:00:00,0,0,0
2024-12-26 04:00:00,0,0,0
2024-12-26 05:00:00,5,0,0
2024-12-26 06:00:00,0,0,0
2024-12-26 07:00:00,2,0,0
2024-12-26 08:00:00,0,0,0
2024-12-26 09:00:00,0,0,0
2024-12-26 10:00:00,0,0,0
2024-12-26 11:00:00,0,0,0
2024-12-26 12:00:00,0,0,0
2024-12-26 13:00:00,0,0,0
2024-12-26 14:00:00,0,0,0
2024-12-26 15:00:00,0,0,0
2024-12-26 16:00:00,2,0,0
2024-12-26 17:00:00,2,0,0
2024-12-26 18:00:00,3,0,1
2024-12-26 19:00:00,2,0,2
2024-12-26 20:00:00,1,0,0
2024-12-26 21:00:00,4,0,3
2024-12-26 22:00:00,1,0,0
2024-12-26 23:00:00,0,0,1
2024-12-27 00:00:00,0,0,0
2024-12-27 01:00:00,1,0,0
2024-12-27 02:00:00,0,0,0
2024-12-27 03:00:00,0,0,0
2024-12-27 04:00:00,0,0,0
2024-12-27 05:00:00,0,0,0
2024-12-27 06:00:00,0,0,0
2024-12-27 07:00:00,0,0,1
2024-12-27 08:00:00,0,0,0
2024-12-27 09:00:00,0,0,0
2024-12-27 10:00:00,0,0,0
2024-12-27 11:00:00,0,0,0
2024-12-27 12:00:00,0,0,0
2024-12-27 13:00:00,0,0,0
2024-12-27 14:00:00,0,0,0
2024-12-27 15:00:00,0,0,0
2024-12-27 16:00:00,1,0,4
2024-12-27 17:00:00,1,0,0
2024-12-27 18:00:00,0,0,0
2024-12-27 19:00:00,2,0,0
2024-12-27 20:00:00,4,0,2
2024-12-27 21:00:00,5,0,0
2024-12-27 22:00:00,5,0,2
2024-12-27 23:00:00,10,0,1
2024-12-28 00:00:00,6,0,2
2024-12-28 01:00:00,2,0,2
2024-12-28 02:00:00,1,0,0
2024-12-28 03:00:00,4,0,0
2024-12-28 04:00:00,1,0,2
2024-12-28 05:00:00,0,0,0
2024-12-28 06:00:00,1,0,0
2024-12-28 07:00:00,0,0,3
2024-12-28 08:00:00,0,0,0
2024-12-28 09:00:00,0,0,0
2024-12-28 10:00:00,0,0,0
2024-12-28 11:00:00,1,0,0
2024-12-28 12:00:00,0,0,0
2024-12-28 13:00:00,0,0,0
2024-12-28 14:00:00,1,0,0
2024-12-28 15:00:00,4,0,0
2024-12-28 16:00:00,10,0,0
2024-12-28 17:00:00,13,0,0
2024-12-28 18:00:00,16,0,1
2024-12-28 19:00:00,9,0,0
2024-12-28 20:00:00,31,0,0
2024-12-28 21:00:00,28,0,2
2024-12-28 22:00:00,21,0,0
2024-12-28 23:00:00,8,0,3
2024-12-29 00:00:00,10,0,1
2024-12-29 01:00:00,4,0,0
2024-12-29 02:00:00,6,0,1
2024-12-29 03:00:00,4,0,1
2024-12-29 04:00:00,0,0,0
2024-12-29 05:00:00,1,0,0
2024-12-29 06:00:00,0,0,0
2024-12-29 07:00:00,2,0,0
2024-12-29 08:00:00,1,0,0
2024-12-29 09:00:00,0,0,0
2024-12-29 10:00:00,0,0,0
2024-12-29 11:00:00,2,0,0
2024-12-29 12:00:00,1,0,0
2024-12-29 13:00:00,1,0,0
2024-12-29 14:00:00,2,0,0
2024-12-29 15:00:00,0,0,0
2024-12-29 16:00:00,7,0,1
2024-12-29 17:00:00,3,0,4
2024-12-29 18:00:00,3,0,0
2024-12-29 19:00:00,5,0,0
2024-12-29 20:00:00,1,0,0
2024-12-29 21:00:00,2,0,0
2024-12-29 22:00:00,1,0,0
2024-12-29 23:00:00,5,0,0
2024-12-30 00:00:00,9,0,0
2024-12-30 01:00:00,6,0,2
2024-12-30 02:00:00,8,0,0
2024-12-30 03:00:00,0,0,0
2024-12-30 04:00:00,0,0,0
2024-12-30 05:00:00,1,0,0
2024-12-30 06:00:00,5,0,2
2024-12-30 07:00:00,2,0,2
2024-12-30 08:00:00,1,0,0
2024-12-30 09:00:00,0,0,0
2024-12-30 10:00:00,0,0,0
2024-12-30 11:00:00,0,0,0
2024-12-30 12:00:00,0,0,0
2024-12-30 13:00:00,1,0,0
2024-12-30 14:00:00,0,0,0
2024-12-30 15:00:00,0,0,0
2024-12-30 16:00:00,10,0,3
2024-12-30 17:00:00,6,0,1
2024-12-30 18:00:00,4,0,2
2024-12-30 19:00:00,4,0,4
2024-12-30 20:00:00,5,0,1
2024-12-30 21:00:00,15,0,2
2024-12-30 22:00:00,5,0,0
2024-12-30 23:00:00,2,0,3
2024-12-31 00:00:00,2,0,0
2024-12-31 01:00:00,29,0,0
2024-12-31 02:00:00,3,0,0
2024-12-31 03:00:00,0,0,0
2024-12-31 04:00:00,52,0,1
2024-12-31 05:00:00,2,0,5
2024-12-31 06:00:00,2,0,2
2024-12-31 07:00:00,0,0,1
2024-12-31 08:00:00,0,0,0
2024-12-31 09:00:00,0,0,0
2024-12-31 10:00:00,0,0,0
2024-12-31 11:00:00,2,0,0
2024-12-31 12:00:00,0,0,0
2024-12-31 13:00:00,0,0,0
2024-12-31 14:00:00,2,0,0
2024-12-31 15:00:00,2,0,0
2024-12-31 16:00:00,14,0,0
2024-12-31 17:00:00,2,0,1
2024-12-31 18:00:00,2,0,0
2024-12-31 19:00:00,9,0,1
2024-12-31 20:00:00,33,0,2
2024-12-31 21:00:00,25,0,1
2024-12-31 22:00:00,33,0,4
2024-12-31 23:00:00,63,0,3
